74.253264 10.350375 41.160325 72.607921 49.523963 50.353631 61.263611 73.555485 33.885737 88.803601 23.403492 52.842407 63.143563 83.327590 90.203578 47.882067 58.673230 62.917900 33.402207 78.569661 
42.927786 17.469370 82.771263 95.155802 13.731233 28.659803 51.070039 65.724459 34.940928 45.715729 51.078912 38.550423 56.264331 10.363934 77.810810 37.474657 88.707221 0.730455 73.562530 2.014293 
10.465074 34.362777 39.787303 48.415315 44.063312 27.859027 64.498276 67.574226 32.431109 33.393234 22.168047 34.617606 75.838399 70.347701 8.924675 97.300537 18.402930 35.148635 20.649666 6.053455 
49.673178 43.877886 23.986650 41.648024 78.415092 51.564313 55.099734 69.018690 68.606284 75.082571 74.769699 23.081259 57.255216 51.990586 86.648583 15.077240 27.533360 96.973536 16.571121 47.102593 
22.877975 67.352261 51.607527 80.767609 28.682646 30.808275 39.652071 21.158345 26.919959 0.459427 81.868944 20.922605 57.097314 97.915397 80.232619 18.922699 63.935509 60.350731 37.048603 11.211137 
69.011374 95.154054 81.016580 52.086563 67.738538 6.456063 84.587418 21.550777 74.495645 27.400270 87.794121 40.102686 0.871514 52.487710 85.284939 73.002486 53.354182 34.053170 38.542644 10.495276 
15.520153 52.101525 18.001451 74.132115 74.676428 63.645279 46.865828 6.871206 28.439906 23.992136 41.655809 92.498099 69.175272 72.035921 24.151500 26.335395 22.666231 31.667620 56.476911 6.082482 
65.486082 74.849747 2.771925 3.787443 21.163261 82.050059 91.837942 58.454442 3.520201 57.276534 50.152679 72.823705 65.680768 56.165408 97.408443 18.476234 21.865774 14.010917 65.436841 59.754080 
68.321241 40.201381 54.963692 70.267199 63.623225 71.602792 39.574171 47.896563 1.789328 47.622130 28.136107 31.691873 82.275587 36.740413 72.730241 10.362740 31.072099 46.322538 22.911502 11.366977 
86.446779 88.303615 72.613003 19.542872 62.465882 63.965064 48.285006 86.528850 40.793117 29.454326 38.981006 60.248219 2.501880 23.078878 25.150452 15.195679 83.273520 81.034704 77.749789 92.145013 
78.339029 11.816548 44.806623 80.529528 7.886138 65.820278 53.029345 40.088664 46.629195 40.288449 70.501254 66.801633 7.808314 55.102298 52.914434 96.441470 86.697811 38.832491 36.378099 19.036459 
30.133662 99.218008 28.957224 31.406854 66.612030 43.613365 35.035710 17.262410 46.769837 77.603362 28.612109 95.845921 50.249564 97.155782 44.485192 38.447861 77.238030 45.799038 22.510321 80.981537 
84.644498 53.575842 99.799313 19.702982 28.060917 71.196935 82.328835 38.474332 72.263681 44.357168 22.740961 41.003124 52.005200 10.793096 47.021190 69.271184 83.963862 94.305393 76.752594 45.227124 
28.000064 42.924981 82.186996 77.935547 34.584752 31.030238 49.435553 56.349765 94.675562 53.568659 61.400034 32.224828 55.981938 74.230479 16.416485 94.751111 72.317237 81.465580 52.155314 9.630354 
28.445600 4.314151 39.560014 38.787788 19.173861 90.681163 58.249252 52.060461 96.055592 55.055395 47.375483 82.669311 62.316814 71.121174 88.016512 24.386911 81.930018 82.844756 53.732070 90.221692 
66.166414 71.914598 31.593715 89.942223 42.265245 71.445137 40.064470 33.337131 62.777306 43.873071 56.879573 80.300934 57.795830 35.564392 51.463502 0.603814 91.351980 43.509533 34.555405 20.102678 
52.265927 98.984479 19.639425 41.450263 82.326013 73.600858 98.658978 99.561063 93.993999 50.064731 42.147496 21.220822 89.570475 50.283188 44.481458 20.520684 9.806171 71.004168 96.116231 73.854883 
8.159843 19.491437 97.862037 60.641580 17.720451 33.973566 50.734322 11.702944 32.342804 72.390648 55.083562 9.285973 50.664859 2.429479 59.756098 63.167813 26.819097 57.604150 45.134417 89.856017 
3.774454 14.892640 33.966679 57.545562 64.190234 78.959503 30.141560 14.131509 49.908264 12.128994 53.203528 55.091893 57.239816 93.302545 39.888425 4.261165 17.442534 90.847868 87.130816 80.853936 
72.498860 21.672353 37.196845 94.200183 26.109234 0.082722 18.992219 88.846409 17.094195 15.131105 92.340883 13.134582 93.104395 19.110776 60.219308 62.704048 48.493026 14.570758 64.020054 48.328578 
53.659624 19.515219 19.152075 74.206471 73.799966 49.156477 52.637793 72.381439 95.761642 40.712016 59.999778 12.920097 19.424239 18.272390 11.145115 60.238803 45.652380 55.159238 60.619727 83.113723 
29.356929 43.735009 34.968005 45.969558 1.203376 86.863240 4.973173 65.652006 2.634468 42.251976 55.885520 20.985597 21.007234 41.773304 18.528077 60.571874 48.656382 4.762137 66.509882 52.832701 
35.436446 46.324963 72.356514 26.216776 32.444965 68.325600 6.606523 27.652539 97.844986 57.271528 27.545655 31.698665 10.194061 32.266691 19.086917 35.253285 25.788973 46.572652 81.483819 35.656470 
73.895226 48.132377 25.790307 75.425812 45.127743 18.510999 55.037356 32.322817 76.838106 49.722601 94.378904 67.899467 9.365145 92.091421 49.589174 60.298801 30.419645 3.779703 48.059221 28.142351 
25.602387 68.373216 97.075882 10.571966 71.840749 10.455534 20.966381 39.043865 77.148247 16.530895 62.458596 13.863100 60.866235 86.187412 13.319836 39.962176 9.901843 31.699831 24.871630 75.659170 
72.901733 57.789065 22.609412 31.254177 72.457306 11.593648 22.507141 24.027071 31.450879 91.987002 71.862647 45.366984 92.938802 89.292013 84.386727 94.672075 45.738793 38.416544 55.353592 26.827374 
70.400696 42.111952 72.268488 33.502369 78.442054 95.175314 86.898080 36.833775 80.759889 33.329030 96.313025 95.201457 37.123095 94.456002 41.360864 74.361545 7.029521 22.403489 71.788392 16.379954 
89.011468 76.662931 92.599556 42.111218 54.399170 29.562400 18.343606 13.470789 1.675732 12.692490 34.421097 46.868614 1.120746 20.154214 30.088850 18.564635 63.521682 84.572676 9.502021 62.813898 
14.601969 18.176626 96.227633 7.961005 66.129627 37.066971 88.678546 79.112807 81.493896 1.551742 29.727719 2.558163 26.761445 69.624614 33.201021 94.761486 94.913624 11.140712 50.107221 57.427827 
66.035708 92.610773 51.093528 96.452588 3.994566 31.448130 28.324534 49.128519 70.953286 82.305685 57.479492 37.813544 6.612727 15.499531 56.389919 42.085897 54.292869 47.151460 79.107751 29.929253 
46.049732 44.207040 72.473099 97.524095 68.016072 65.269538 34.038315 71.153793 67.537206 54.395586 80.918094 76.007205 52.040770 61.258102 2.994390 88.218735 38.074498 4.953156 30.225404 78.419000 
32.979463 48.158876 28.491147 49.098720 57.677276 19.977974 83.246146 7.105871 53.718048 28.358278 51.067182 53.243033 37.221884 90.682365 28.974084 49.282925 18.492878 87.465009 90.997077 77.384468 
5.075567 45.060123 30.805906 28.163391 55.629067 55.194121 28.863701 34.297550 88.148121 91.705839 21.238797 87.577766 22.964890 57.430331 44.564596 50.830020 19.268989 65.246908 96.973641 72.176196 
21.961914 78.079995 43.297210 56.883044 14.213650 62.940546 78.390021 18.125097 33.493273 84.935240 74.499679 63.253112 77.957842 66.228531 42.945817 65.353333 53.989659 70.807788 21.524356 29.312437 
37.260538 93.489870 39.807660 18.876861 7.722444 46.497621 31.647678 32.220267 6.602878 48.186062 82.680157 13.018200 83.740218 56.757097 44.201920 10.372594 44.040094 70.633204 98.014202 48.144975 
58.127450 73.848202 66.766640 82.739514 93.251212 26.314020 31.067639 41.836679 89.989693 26.423280 75.679961 7.289371 33.241094 87.704090 57.634743 33.385665 60.849244 30.247789 25.054704 98.100521 
28.961497 40.976490 16.438679 81.205730 27.662029 31.477841 93.246799 76.913443 0.030256 63.909791 44.168615 17.335396 4.446544 24.089248 88.583661 47.209092 52.401087 59.769782 21.755686 74.041459 
95.923932 43.352669 3.182138 30.806726 81.815779 39.051737 47.876426 78.935861 50.108336 13.788974 6.143700 96.889620 1.686298 73.695959 73.122362 85.081418 57.436354 95.143209 23.444087 85.826400 
48.626207 62.623365 52.687193 43.193247 41.896344 62.202255 1.647211 99.783200 0.754900 70.767073 75.177406 47.657436 99.807838 34.086590 73.757105 24.823864 5.736333 66.856712 24.349837 47.248639 
68.346617 61.353815 15.605244 82.666508 96.146148 91.143860 77.044565 61.732333 92.807640 70.136636 53.339655 71.075533 81.936236 58.654551 7.836948 83.475973 46.281687 4.660087 9.148425 55.660001 
20.657246 38.971863 27.975954 12.640791 72.010232 72.572686 23.361450 99.046773 50.584638 39.829758 94.299109 4.934242 49.949451 19.940086 29.854652 7.283780 71.204748 61.278847 85.401015 78.981081 
61.267201 11.004021 75.924370 7.488123 55.020678 70.709665 37.757225 48.529398 52.042904 74.774825 85.593586 73.798326 10.142047 94.999079 8.489845 47.618129 66.564286 91.944435 44.640804 94.277065 
41.211587 54.679478 83.646611 0.668444 70.657507 78.477794 84.376572 16.268962 92.660535 62.734338 65.416582 30.146498 80.125711 56.675593 70.961359 83.534320 43.972593 35.689526 34.761265 78.242722 
58.407559 10.919018 56.206117 99.266026 43.183890 10.811574 98.330829 41.257497 36.222703 69.260123 74.432618 71.746779 69.836765 73.727183 91.469947 88.402303 86.773068 99.398857 95.272492 76.019685 
6.728496 32.609462 54.379577 84.542698 61.427600 68.088468 50.536845 91.384212 6.759771 12.258201 12.159928 71.215826 8.301490 87.021926 75.679000 28.484185 78.094988 40.472144 30.961598 59.042861 
30.334045 13.037642 60.929061 49.313110 89.226535 24.146482 42.753292 0.344734 21.434553 39.622595 6.827829 28.724737 42.945777 47.235321 95.303603 88.539220 19.269294 54.606163 82.052909 35.422073 
93.920310 50.882218 56.258510 97.342435 11.614870 58.045654 83.702546 0.923056 77.707114 25.342519 10.554113 24.723832 11.499588 26.898258 6.563628 26.983422 6.839064 44.812387 48.710742 98.577158 
4.397198 22.360876 50.977770 1.883250 17.847714 68.171822 35.382339 13.113011 71.786858 56.059923 38.880178 88.839750 69.520008 70.400780 70.444337 93.297323 55.881130 44.788536 94.112931 23.361061 
45.918136 29.515046 35.745809 46.848099 66.972740 66.778223 24.123973 51.961095 35.231009 21.991160 82.195581 56.860856 89.916421 15.257487 52.900725 94.250226 94.451293 97.940127 46.355149 20.294138 
30.431776 28.860128 48.963613 44.446445 99.207078 51.594049 58.889243 73.348458 46.084731 86.512206 55.470363 81.500581 26.865427 4.945063 6.595240 79.681767 17.480757 57.617954 43.984956 96.399002 
31.442642 23.922488 73.363099 9.615241 49.746488 2.638508 51.791264 28.999231 64.374940 81.807504 66.407853 25.287722 3.927073 2.752554 72.784950 60.555781 13.941228 3.137232 10.378018 88.619475 
92.444702 89.672684 26.321801 93.077970 68.339797 15.019558 38.405999 60.407152 17.189486 44.903389 46.261044 14.647338 15.757786 44.374052 12.806546 46.008878 50.656937 19.103074 0.717752 74.089604 
35.004999 23.154375 49.211874 88.674057 82.418659 33.446869 38.506854 92.811067 97.183389 24.229786 48.502498 91.392410 70.585366 34.565540 85.693819 91.679054 55.270111 40.969139 4.549521 59.486958 
5.774341 6.098653 54.759911 15.072817 2.607710 34.381321 75.728118 84.013913 22.712300 79.761308 81.055812 93.989046 81.209533 25.668577 1.944072 19.701070 19.522037 93.734159 13.665598 55.416824 
39.907064 29.775378 74.661487 59.906218 90.308086 64.520109 19.179544 30.327134 60.403462 72.758480 46.955125 36.048911 68.057365 51.513438 84.622347 72.305154 21.532418 77.158485 19.994463 13.497057 
89.845767 3.698534 10.238967 80.242147 54.948951 80.230613 70.211413 8.418873 68.279018 64.391844 49.608440 35.511364 58.594972 58.581151 78.058353 63.534097 77.760073 12.347392 97.200992 62.555030 
33.536790 72.445686 9.476629 18.711522 12.771798 64.703113 61.751413 91.451900 19.686159 85.748887 9.058539 71.729986 91.703283 11.151405 19.474144 40.437089 10.986469 65.421512 96.789122 78.010215 
22.978253 27.000384 23.709929 71.543223 94.143240 5.342048 4.199935 23.907129 11.105826 28.454661 48.570628 26.777287 75.027341 92.393778 51.953961 24.585638 37.128952 35.626157 63.340440 83.225390 
36.255651 74.664547 14.867272 31.114145 33.690006 85.075346 79.449602 42.539111 18.061727 61.933894 73.187346 76.580060 80.105625 3.850514 23.615064 9.945780 65.283788 82.861963 61.185030 68.814852 
20.979329 44.279492 74.659192 46.340359 29.900538 91.080775 58.589687 47.134036 25.227215 51.586139 72.306726 54.970805 39.995749 87.366904 10.102828 88.192140 15.196984 17.407871 17.280219 38.075877 
4.442134 90.535147 38.003729 4.463576 88.610989 42.116856 36.164452 85.123453 43.788352 16.781476 94.081792 89.640347 82.447436 7.000211 14.944079 3.678118 91.709237 75.926528 3.427239 16.304026 
24.307812 0.003618 41.488371 54.043732 21.674812 60.283978 38.915879 91.638262 47.679614 29.515507 69.223444 45.490408 90.201163 23.100330 55.646912 19.649412 51.368769 67.679740 62.617762 39.379274 
13.775121 19.401977 91.368747 79.950214 12.189656 44.003612 14.565323 97.816598 57.322089 47.599530 51.799633 22.975877 33.134241 82.399618 2.383053 11.099228 63.789612 37.655629 79.525724 7.029051 
3.138692 58.336945 60.328897 52.114975 0.123619 17.041056 13.747603 97.594953 16.324830 68.143906 28.651052 25.893018 54.919617 31.150991 93.412417 94.924599 93.025051 58.843672 40.813014 30.853181 
25.283464 17.805239 13.310843 33.683529 59.577727 42.849841 33.297523 16.290665 64.976163 16.761223 6.268443 9.460768 45.484521 0.592911 1.188460 75.878689 37.173143 90.435865 27.199092 29.108777 
40.291362 7.821019 50.150958 10.270909 47.473544 90.053951 16.223995 59.197462 63.806278 45.494040 98.526040 5.473562 85.322790 26.015992 93.540177 73.493024 26.791439 61.675529 10.618180 96.975513 
56.302435 2.745473 80.924175 51.073077 37.834794 76.366773 16.287089 97.269495 61.424466 82.136266 2.117678 75.838037 84.474739 7.259441 81.904792 60.998750 81.889618 73.755548 43.830532 81.497614 
21.656972 50.193784 8.007081 78.912799 26.394976 57.952810 58.225075 58.876624 67.032753 85.240011 85.946381 83.881291 72.867400 40.360670 35.705061 56.850740 2.100021 27.117160 84.109575 52.231668 
11.971713 1.534155 62.830832 51.517168 15.146854 80.947872 49.332351 67.023913 63.158698 21.810633 82.103908 70.721112 53.849766 12.971038 99.568595 85.224450 40.556399 4.013799 58.365305 47.134462 
80.409081 68.521563 17.520858 21.395082 52.726273 22.460826 14.287926 75.866209 74.382488 0.110631 59.987835 44.480494 40.445626 32.266966 97.206027 6.920117 38.993663 44.655528 52.469921 7.669439 
85.943253 36.574935 21.470095 61.339952 46.055832 86.168522 19.044459 34.790043 88.235014 26.553556 45.872828 95.473846 76.728103 97.379506 15.152921 32.450115 48.278301 95.174646 94.441612 76.756259 
36.884185 7.578325 86.321373 39.338834 40.788297 82.133044 29.435971 14.431504 29.561991 95.013735 47.981943 82.948046 87.737861 57.214710 31.017799 66.188651 5.832438 1.885450 92.927501 60.392661 
89.670107 75.210903 46.988181 83.285324 26.939637 24.759648 40.847071 95.330264 79.802650 75.870666 11.736627 30.862782 77.517296 51.459333 0.682424 21.945567 76.635130 14.354027 15.947754 24.711485 
27.707878 72.037457 9.066361 47.376126 3.423009 58.500850 16.100081 8.242416 31.140518 23.739019 35.585844 42.549532 33.101841 46.033932 77.910198 16.961546 3.039886 84.132276 80.934950 2.344428 
70.733243 72.613048 34.485609 57.531030 80.855757 6.850102 47.593300 93.742944 37.936576 97.565033 16.166094 6.078263 8.447662 31.858825 28.282230 47.004596 77.028852 63.500982 55.927358 46.950712 
92.111176 79.332281 44.304586 52.530425 3.598457 68.195475 30.944178 41.458610 61.537526 77.233476 8.310152 49.480738 76.141520 35.417646 75.723875 46.265302 50.419905 28.755405 65.489374 44.802015 
29.347517 7.933002 60.603388 86.390848 17.589415 31.148410 17.359341 87.528770 80.530733 68.285797 99.668867 1.367639 47.512304 30.586095 25.499803 60.351002 54.668873 77.431946 92.185686 69.546111 
51.059814 44.060978 83.574531 70.623576 60.753982 57.070823 55.155585 38.673541 24.098467 89.045148 62.673439 82.852953 63.262068 96.652136 93.100827 34.086333 62.434877 69.634001 27.937557 54.786035 
13.870659 55.372295 14.319082 42.959184 19.469585 31.781715 90.758201 92.469495 49.657197 8.921856 36.903094 18.189479 25.677529 43.878544 36.311022 44.278724 60.947532 15.061406 52.212401 13.319838 
11.128931 92.864534 51.360784 50.582286 84.137385 12.110473 54.079131 15.292922 9.824023 97.591647 77.948187 43.643325 15.636962 1.880655 8.069202 81.060959 64.605577 68.237366 17.502731 45.249378 
29.960243 58.693429 14.228318 37.309259 55.180289 58.184418 97.604686 74.531447 26.513458 57.520504 67.354962 36.220592 26.031517 46.189452 32.026318 50.627376 43.554170 97.100708 68.878294 63.271466 
9.306480 5.190247 64.565375 39.482792 59.614089 52.311957 76.963444 61.079399 73.844616 60.162230 42.828008 3.519972 22.446244 88.022301 45.180066 83.174521 34.216495 99.191719 45.560342 37.674858 
85.315994 76.725001 24.640152 39.157874 72.337083 54.084956 71.950536 61.563242 80.721649 51.344207 72.769145 61.710578 76.986786 47.182504 4.077282 96.827816 51.912005 15.310317 46.680010 22.036203 
99.998671 60.060496 92.106500 87.976934 94.739723 2.886366 69.514699 29.814884 69.991456 19.387828 20.076062 16.193654 52.503708 10.602888 27.684643 2.981154 99.662779 34.493451 29.823740 3.669733 
2.886127 47.903225 52.523130 14.161537 59.772947 28.791077 79.763909 17.067135 38.913864 0.093673 4.272344 85.042214 36.503933 66.972500 10.393681 69.300021 21.809850 77.068243 66.640365 28.552103 
40.586415 12.760516 83.627144 3.020830 69.881899 30.735260 92.506066 61.946786 68.308380 60.622343 55.126367 73.225614 2.173934 15.113459 40.252782 98.218128 32.805944 45.691385 18.392614 34.478383 
54.970369 88.588449 96.821610 25.638729 94.964178 2.196453 92.867643 30.036246 36.955898 16.132102 20.924325 9.866744 19.419564 15.371778 51.352020 35.221469 11.869359 30.948166 80.310769 21.240673 
82.018461 56.131164 96.682508 92.882600 96.973187 39.855601 42.264602 94.297488 51.259516 64.107536 16.645077 12.712128 1.227533 8.565868 27.496405 70.129650 13.715567 46.342372 85.407334 32.408757 
25.162154 21.621701 69.252481 73.993353 63.751044 83.342307 98.538343 84.936842 33.029457 90.469293 80.670401 27.341240 59.384536 88.559513 42.749728 69.046699 62.897013 0.525529 1.712288 78.762111 
19.337782 24.323293 55.418161 39.167574 52.194615 9.073254 44.868934 88.890034 23.054218 22.406001 42.780554 9.458002 37.073154 18.607549 23.716093 97.005744 47.180690 83.236582 53.247123 83.411709 
22.023736 29.930919 92.671709 98.962954 45.684765 35.362475 96.958213 77.996639 11.398269 19.620422 91.744935 37.137309 29.361922 95.697689 0.502224 70.806197 92.957870 62.351558 23.745323 16.336171 
16.385715 74.682563 22.156905 74.985779 40.182755 64.129196 67.303630 28.531219 80.280497 35.733098 46.879732 46.147199 40.009196 95.490572 39.360632 59.216317 0.398975 99.829986 66.875065 30.930553 
3.060786 0.473794 27.111977 12.937890 92.032138 66.154692 98.701607 26.515833 7.745052 59.622890 42.037842 16.183137 56.558541 88.696387 17.096964 0.696390 36.177079 85.353110 85.932390 91.822751 
65.530277 10.108152 46.218533 19.547917 26.040234 96.476899 7.510396 75.766927 1.546978 40.464049 49.644177 52.126650 48.259068 39.063191 69.668710 19.322454 39.918232 58.427475 97.591145 60.151684 
0.883753 70.169497 19.874705 99.004955 36.048506 64.028329 85.026265 83.741741 1.387419 18.499738 46.506660 31.280542 56.618190 80.666755 92.235716 24.698972 52.559109 59.211047 90.503257 28.879643 
50.828420 83.398924 56.691601 51.021212 33.160923 47.608240 96.184404 27.357597 34.750790 49.235657 48.993500 23.866330 91.702681 58.993236 39.521490 93.293486 27.330473 14.246774 43.201150 95.667261 
2.186110 33.216560 19.012761 26.718596 82.822466 73.270200 61.165012 84.624554 88.520023 16.775762 61.772754 54.943211 19.925321 19.862657 29.626481 68.189790 66.834438 27.389023 70.891105 6.626717 
44.232454 82.281901 4.797584 11.043065 58.392328 34.891557 81.220477 49.861306 51.770689 60.279670 11.883509 59.215138 3.475331 20.315932 23.019819 73.632529 99.026626 3.320940 20.825962 93.415323 
27.063820 26.531631 70.095831 45.954448 32.335039 7.717867 35.787984 75.521133 10.198230 66.877918 51.022486 22.927545 0.945193 0.447380 26.715838 24.687994 79.917343 63.836707 41.738509 5.503764 
60.921738 82.861917 71.966193 11.576248 27.793089 21.967808 95.346835 13.621095 25.422855 68.168371 94.257561 87.750041 64.899232 6.767449 32.466080 12.134341 84.230817 41.543768 16.854289 30.804570 
86.580417 27.164446 54.796931 65.043780 33.749233 98.059493 46.068527 80.889014 87.488324 44.624395 65.810040 44.547121 51.550266 25.389377 27.975394 30.936163 75.196203 17.673604 72.440820 15.964706 
29.520342 26.187048 24.844551 88.261180 70.737512 41.266009 19.878646 3.406346 4.963453 20.891760 98.130161 3.545478 21.562951 94.711777 38.749619 54.312513 44.294771 19.622028 66.100832 29.783026 
47.106046 66.993488 12.572997 47.944864 43.766748 99.235075 73.898656 4.949257 0.670133 3.784799 12.407155 17.787223 17.987190 12.476940 12.118996 17.771354 91.299393 99.424098 76.443449 67.653705 
45.093891 37.883414 91.712471 37.575734 77.795049 31.814266 95.684342 55.087310 34.407845 44.574199 23.679887 69.636899 82.730189 98.879553 18.959646 50.138161 69.667761 98.121005 21.548592 70.802778 
21.311809 76.709210 14.645943 31.178664 10.789359 77.839291 34.215614 50.069363 7.314504 56.051960 67.459335 2.107496 53.800933 61.681863 87.793108 80.715694 88.239734 88.297643 4.383292 49.965319 
53.362637 12.875807 53.964319 99.250208 70.773665 7.233709 2.700962 54.925896 75.894724 93.379654 24.377117 4.818198 89.791936 11.697488 32.443696 14.996732 25.983992 75.365366 75.996076 56.164084 
29.198061 87.395333 90.736320 93.875591 83.242142 44.735406 67.200666 43.718880 99.956101 66.727560 97.446950 56.563461 41.817794 45.484247 85.897895 55.165068 36.634495 28.829077 80.813126 46.414437 
17.267814 84.673634 37.916827 48.064111 77.193082 8.452999 88.444010 60.489731 18.677301 93.613701 25.912739 13.643436 71.988870 74.665427 84.870180 25.499181 5.402028 9.961203 50.680474 85.872281 
64.775725 80.915876 80.481912 58.057988 97.153312 53.585411 85.037498 79.846105 59.616452 31.115350 23.516070 89.746386 79.557069 40.546370 37.690211 55.577441 23.004886 45.872514 0.192088 95.106087 
93.472439 90.224692 72.244514 78.219284 68.832652 17.610686 39.472480 64.926999 93.696565 9.087254 6.441223 72.074421 48.369543 20.135763 33.301982 86.512692 88.467887 59.726566 16.029998 94.409000 
27.877841 36.939666 12.831559 85.142716 75.184873 74.803152 76.906913 7.641354 39.419073 68.206845 52.068603 72.356868 63.514355 43.558697 62.297519 96.258210 55.329860 12.287908 49.985795 28.435519 
56.031399 83.356457 52.919920 75.398840 19.387821 28.758805 96.495945 29.798241 56.757317 62.240593 62.967528 0.262088 89.196279 84.573567 59.698972 69.437473 38.092653 25.246847 25.311907 6.100034 
99.735853 64.421614 1.938514 2.594571 26.041126 11.582307 83.974114 93.590392 90.956188 25.396988 10.655257 44.645077 88.670003 8.979047 80.791322 13.077578 64.376357 21.092804 62.907253 48.558328 
44.737221 42.326172 21.446600 10.333997 31.784410 37.917272 13.524996 31.578898 40.637512 58.589619 60.587749 83.352278 24.436394 18.732743 22.616042 45.253594 17.591122 26.979261 21.253253 83.830855 
80.572377 42.997513 83.300227 1.979251 42.110438 9.604618 59.678852 12.566854 35.015047 7.617357 81.823811 70.927423 54.389081 63.976968 99.203732 77.346909 39.920575 66.889778 13.781253 50.809852 
87.675198 95.273344 57.808176 37.023228 70.454725 61.323291 7.418167 74.352107 38.239541 20.743625 50.429709 98.930266 65.204333 55.534804 52.931588 63.847152 96.528986 88.242824 75.577620 98.153579 
71.336543 5.767301 20.883326 35.316251 74.568350 63.443998 46.087520 83.249712 15.033559 2.745507 78.758675 65.842127 70.659060 2.116739 31.530480 78.493792 60.241225 75.203145 62.032790 7.664678 
33.194745 55.385758 27.266195 24.691065 31.157854 91.897976 95.491812 84.777283 85.290097 79.393486 98.459468 47.775136 41.365962 51.176908 94.808170 95.812665 53.918958 8.116076 26.027974 70.989542 
33.578629 99.531287 57.712140 84.865705 7.311593 63.089555 81.456687 33.338854 91.333844 87.761238 8.111016 5.345436 51.403504 6.870864 78.765185 49.292488 30.229409 17.552179 14.289532 16.585486 
2.798388 43.019134 7.052555 26.339053 14.865917 62.353515 24.624135 82.431588 8.967045 39.326118 4.087889 84.643891 26.185982 78.212930 12.472667 73.710106 2.003211 65.519791 41.119793 26.975933 
65.493047 36.671384 89.478044 17.315900 81.422221 79.162942 27.785099 88.357297 9.316784 66.066245 6.340152 62.480610 28.830639 78.618475 84.123661 92.427767 83.832762 8.909560 21.702770 90.377516 
31.079166 43.044678 83.162451 77.543689 81.527391 66.103812 90.524215 77.849635 35.967706 52.213797 15.491701 13.405920 68.527890 75.090206 69.783647 10.280404 62.779790 97.453521 6.117049 94.046397 
22.332426 67.883957 31.388452 14.417908 3.913494 55.734842 41.974864 82.662493 0.572522 10.478584 53.647892 15.812250 17.120100 6.376929 77.590758 57.504526 80.977437 5.901749 26.723222 55.292814 
22.098851 60.030125 69.824830 64.662384 19.192438 26.731739 8.688132 92.398340 38.566201 86.015746 6.741263 35.828286 60.613446 53.502475 50.715726 51.286104 92.892258 72.408480 76.327800 13.025506 
74.910274 3.696281 69.211640 2.573246 63.417963 5.875602 44.989174 81.950241 56.958027 92.416430 4.489162 91.658230 5.993708 52.296764 17.450698 68.455288 0.121200 29.008317 18.524601 17.456956 
17.173666 17.767531 80.183503 73.587332 66.547851 31.875377 82.185881 53.826638 46.562482 26.062228 61.237447 21.760753 39.886567 36.859883 91.255813 49.562071 77.109994 2.787966 17.715008 92.231705 
3.600982 76.157602 10.134925 98.201385 88.739697 22.650041 54.054121 75.426160 8.342851 10.775822 72.217397 65.781020 21.762835 47.988295 14.238481 59.919777 43.874550 87.238180 21.199349 83.109320 
7.774456 44.963197 99.655168 98.002051 94.835939 0.400415 24.370646 22.181884 84.594852 80.678537 83.627102 90.817788 61.107603 53.966174 17.776566 36.030178 83.385711 35.674893 65.438656 27.422737 
63.837266 64.310678 8.515034 73.399566 15.815377 96.081195 75.575230 94.559524 13.754312 68.337507 50.536946 80.961103 49.712115 81.880003 91.418705 15.907570 6.113328 5.703845 87.615054 37.523438 
25.452423 52.996880 40.322555 40.216561 20.528543 37.890553 3.938281 89.107857 54.357837 93.183866 41.955651 10.910569 59.166781 9.407841 69.797787 75.849660 73.658698 52.198817 94.992285 70.007177 
40.093967 33.810549 57.526906 91.413456 89.399118 37.048293 26.046165 47.549018 89.231902 69.806519 75.081407 87.137873 89.287748 46.642304 33.876459 27.693123 34.039369 85.681582 94.542613 32.864401 
84.323030 66.243079 96.914609 33.451130 20.987302 7.458329 70.737474 16.786586 13.544793 30.987410 40.713845 57.896123 71.838689 78.924589 62.006897 37.222197 31.928302 50.429325 10.678063 67.251542 
70.024587 81.993453 52.633356 66.468031 22.487431 54.463635 9.892377 80.588669 55.474402 54.947953 93.491516 56.433429 34.210702 30.272668 60.773671 84.981741 81.528200 43.068473 68.078022 30.554271 
25.649974 12.586068 22.639288 88.792837 35.309874 0.684732 26.984450 28.512911 58.789989 89.661036 3.952555 0.670564 38.502272 86.716092 18.690499 79.128800 86.799935 20.082196 19.663703 82.171785 
93.765561 94.005008 60.575268 17.068266 20.244651 66.759172 52.509103 45.726429 32.606957 47.178916 2.794791 6.566404 80.581309 33.840405 7.136697 82.903769 48.695915 87.262061 75.897927 11.228636 
50.676025 17.666961 22.317863 47.096656 44.942849 64.676247 4.905923 84.309075 39.361355 22.313699 70.096623 78.716146 48.360645 10.308099 72.307798 88.606490 26.030763 89.094900 10.564722 66.088152 
12.080223 81.914768 66.369335 71.109316 39.316028 97.912790 22.811772 47.905965 33.601774 17.844645 72.094617 77.946611 82.234795 62.166552 8.197959 20.819367 2.964266 55.822500 6.955602 74.973349 
78.744674 3.399969 30.679476 92.172265 60.983856 82.889887 66.028047 26.416122 68.043627 74.437794 38.918754 6.586165 90.512057 99.834896 23.980700 56.298960 67.601164 19.171942 10.216776 36.244637 
15.194505 32.840726 51.079301 63.402089 39.663162 41.963772 74.477870 39.795756 50.709238 76.608274 4.981026 82.985911 56.428382 3.863210 34.085883 16.418524 82.834803 42.334902 50.805065 96.606670 
65.261950 97.579340 86.663213 38.641480 12.896614 84.853517 15.922398 77.189874 3.216394 13.939994 44.425930 6.184555 3.955930 89.278312 84.047395 33.626513 78.629917 34.894055 65.743900 19.488548 
97.501271 77.628800 50.616760 66.741582 43.283430 55.531550 75.748882 0.819715 79.744483 54.195201 8.958293 90.772361 33.531930 64.854955 25.206579 18.401101 64.071165 1.007817 16.363834 32.036873 
43.300346 21.266182 61.587115 48.916329 71.953431 47.657166 30.535925 53.950995 86.736830 69.694498 38.570354 8.892857 35.948178 67.565979 99.862182 82.011015 98.464590 85.841095 50.624536 91.032018 
57.875707 40.848044 81.903771 10.914834 1.921802 89.574059 49.364911 38.286998 49.732802 51.058719 38.239593 38.178488 35.472871 99.502715 39.797480 93.617948 3.206623 79.821521 47.410377 67.496462 
63.080431 76.532150 10.319644 73.530603 33.109599 63.935484 84.207840 22.008814 66.432715 86.042807 47.938190 51.346131 36.676778 56.749191 17.962797 7.040747 0.093295 54.726938 5.444697 51.189202 
37.111250 36.887950 63.635926 63.233452 8.501720 36.410485 39.326226 79.247836 71.453864 90.463600 0.296426 56.098208 50.993134 13.035567 54.814006 57.403180 66.421751 90.629258 23.415362 53.743134 
96.584500 34.634642 96.117147 45.953663 23.360397 28.379705 79.545291 45.874964 18.897542 27.459161 32.616301 31.781444 66.122978 47.929194 27.194523 71.988236 81.035187 82.655633 2.641059 47.306017 
88.313502 84.962176 77.629014 31.199541 48.026611 36.212223 28.445300 28.051375 86.259272 84.588190 38.853478 72.415475 90.394663 30.962144 64.131008 79.591593 49.787959 8.928558 27.062434 40.240770 
26.856438 77.221106 18.155554 15.114255 60.898679 74.998529 70.303560 23.132256 37.757719 98.480913 24.984239 67.788478 60.178619 67.641074 77.748674 98.643419 4.945691 76.462708 55.988677 31.757257 
76.700050 92.191449 32.337826 41.378859 56.325768 94.595043 70.812594 45.314200 56.155445 13.107994 43.055442 48.218098 85.509312 48.126758 6.965067 94.469451 16.368704 80.524435 65.541186 57.562199 
39.273614 46.031997 63.308710 36.682049 43.644194 0.221894 24.775665 66.639374 25.343935 90.089062 60.582845 33.424938 73.570024 58.237310 8.796346 13.806330 48.050186 43.927336 37.667231 81.883902 
5.005233 78.912144 54.101164 75.733400 51.572723 60.444076 19.228741 44.195289 2.867934 49.826962 27.639049 60.831748 7.568048 83.181395 36.821056 63.499165 14.957143 30.045153 93.120237 63.210082 
54.154578 13.021083 76.158752 27.601977 84.845949 68.006403 13.750241 66.732571 56.292355 16.069847 85.696714 96.424084 79.917860 81.700932 43.991834 83.092181 50.500588 68.237389 80.936457 27.627351 
32.637154 58.718607 10.850378 66.826995 1.923006 82.107549 55.989162 61.402566 1.923185 31.983076 11.307725 16.774342 39.775752 60.768902 54.651130 39.603998 98.909224 1.233515 30.850779 29.345544 
10.178639 82.462872 62.003662 19.570929 25.998226 29.021933 14.551439 49.446831 30.593440 87.220456 33.160097 62.494763 48.973706 69.009530 88.658583 78.472842 86.194675 59.412198 86.096751 32.613832 
36.506353 77.263734 81.667735 96.982889 49.049629 59.258462 36.131093 17.081762 24.118494 97.578825 67.193341 7.946782 95.024165 56.817314 26.475129 11.272132 36.690426 94.792130 4.952586 59.006063 
8.396833 75.452399 14.577413 30.512545 30.982197 94.223280 90.388949 82.632399 6.392454 23.408246 42.555492 88.139859 62.306662 63.196944 65.413426 96.790761 35.798314 72.706531 44.757126 78.169254 
90.521864 78.537209 75.054565 58.937115 82.241208 70.225565 24.030909 89.885145 52.778570 80.743813 80.708132 98.874288 84.876748 77.669805 44.879619 36.044892 60.149165 46.583459 26.083639 95.499721 
92.814012 20.468146 60.874566 17.477337 45.693806 49.694093 68.477314 22.890518 76.129905 23.986036 74.890527 80.955729 28.305180 17.823344 50.959950 98.829994 0.804788 90.062674 45.301574 22.819305 
7.742091 33.591220 35.122123 72.990414 82.375032 28.683736 35.271077 65.358213 21.846662 34.580344 72.342157 4.646124 76.581980 31.170605 54.404222 42.862167 58.210609 40.037019 44.423704 3.534575 
43.368924 49.777231 75.529129 12.298516 16.977468 64.271737 7.269525 33.507454 5.306278 12.800774 28.307566 0.146992 85.796576 47.496338 79.876492 19.552051 97.065698 39.541318 83.783052 17.060588 
34.345767 54.733720 91.197836 97.722657 4.163403 81.882048 47.339424 11.379072 47.991403 61.595682 50.099853 67.607436 45.368632 87.304417 23.121238 5.940431 31.462506 19.329194 78.727869 20.260770 
81.924416 33.147085 35.582950 82.004107 86.878232 24.266661 97.695967 47.705917 6.443065 77.845467 65.736893 71.868874 54.940312 85.223185 22.205723 32.295123 84.948876 66.482159 95.676609 74.271619 
89.094212 94.300289 24.249183 57.278217 55.898789 69.729580 26.708621 58.999211 62.739425 35.246116 50.827173 30.102099 4.734684 86.455492 79.571465 78.000831 85.370849 92.645728 99.865412 36.793867 
85.392922 51.248465 74.554438 67.485994 69.486405 82.669734 79.030984 38.948945 16.077785 1.166147 55.755669 69.398684 28.392039 4.350840 69.741610 79.485484 43.908307 20.872600 9.566612 36.673999 
34.868069 17.375840 71.740511 79.085718 31.531434 30.713266 46.623117 25.760020 53.479672 2.451261 29.800949 18.046976 4.371441 60.431054 82.818357 90.892361 38.475273 57.065497 49.546152 97.395770 
9.318483 76.860350 22.522830 57.384579 50.620203 34.679912 16.922607 0.195197 0.483579 9.818575 53.211573 45.287173 1.521098 56.516696 55.565741 93.853812 82.365332 23.547656 61.103178 49.903808 
78.664940 76.078170 82.682809 29.302072 45.503781 36.024022 51.268607 78.030363 71.612785 59.270549 44.390892 58.819543 22.409267 2.335394 21.605082 3.160087 80.484817 51.649777 93.084390 53.439554 
19.666692 86.629703 5.100667 98.730993 36.348244 86.662430 52.144699 81.248420 95.768314 0.515540 70.890012 25.363010 25.274730 94.306491 21.090413 37.820176 11.508756 10.293175 46.461485 20.006567 
77.177540 82.967291 41.532171 51.136933 47.001926 73.336826 35.585555 96.213659 9.191427 32.557283 90.104419 51.870422 23.930976 96.019204 80.592329 96.024866 86.648535 74.383079 94.436897 97.220200 
5.114096 43.527997 78.532346 41.179415 45.771979 16.707655 26.431311 88.092468 40.200609 25.558932 3.122644 13.919862 52.521454 21.865613 62.688145 69.101568 76.161994 57.475704 99.166673 57.292493 
97.734013 80.520228 88.018113 88.748502 40.285245 99.075456 67.527550 37.005183 1.404461 8.801703 16.982522 4.525300 78.185733 53.888289 30.902094 37.098936 34.109117 78.222424 36.507871 76.802185 
3.593020 74.280449 73.260518 38.416475 62.327286 31.381150 17.213812 24.388607 44.789391 0.197548 39.352320 3.291884 68.672877 21.502275 16.888604 1.766940 80.956436 85.328240 99.078266 22.909864 
90.496196 21.090263 83.942440 85.160799 23.091257 7.908656 58.223841 70.657996 45.523663 20.370078 21.541259 96.087146 4.155391 99.682299 22.272164 50.764549 90.477069 34.287357 65.213850 24.097809 
42.982136 20.068962 98.882147 53.503987 36.443480 31.300347 12.473854 77.270929 35.316243 98.149381 95.102589 30.676436 1.975546 87.751533 98.795456 57.748811 37.279445 69.935190 43.730110 69.743443 
91.386930 63.069646 44.507585 11.077119 96.126314 43.798343 61.673103 64.472543 73.620285 81.801160 99.107971 93.372365 13.195588 10.998065 44.529416 32.692691 5.481706 98.354059 30.356167 95.742324 
61.199305 29.975720 6.857533 16.207838 96.105600 71.314590 70.669822 11.156236 37.055007 14.049252 46.395211 9.043740 85.240303 7.548361 0.435530 77.001753 27.240157 89.198462 43.595725 98.211622 
43.280149 18.606394 77.287579 51.624879 85.997663 68.359610 19.087096 45.135713 42.282404 3.176367 26.411577 14.555230 22.762214 42.804194 43.529486 94.261209 67.946200 76.124552 55.095855 97.199902 
35.922196 74.700805 23.166214 68.112541 21.525666 65.217506 24.280950 5.803042 61.766467 24.607272 59.264568 98.682495 62.847757 86.851096 78.540031 97.389925 71.468149 51.982636 52.323889 22.812195 
42.192903 85.346297 13.126226 32.951139 61.349146 32.332827 72.980079 48.894845 1.924534 78.414350 12.437922 87.893904 24.772181 74.651179 52.183174 86.668187 16.531876 16.604304 1.839896 67.880921 
19.595208 50.132770 75.028960 90.241246 21.855220 56.058487 99.197281 56.572254 84.972455 78.619047 89.674879 72.937483 26.153943 27.732736 93.418527 58.907381 11.072780 42.371406 85.907423 86.225194 
85.438517 52.578319 26.197600 7.208755 62.301321 18.675905 14.739565 23.148185 98.346570 18.818493 33.124117 30.986413 43.454270 42.619639 57.734789 99.389312 2.901544 23.451794 8.249363 28.796867 
23.076817 8.593872 2.745243 25.856657 54.079368 28.088541 43.699916 6.762155 71.323554 20.375222 14.261217 41.481739 68.770132 85.339671 71.054839 17.552658 72.011972 53.542130 69.459053 56.552595 
19.542797 81.725720 83.737344 78.927318 97.856625 89.798567 82.665720 28.646218 56.803991 23.043784 55.355542 92.010875 23.234671 96.246440 96.453316 20.035688 65.257871 75.697047 17.435110 44.078596 
42.636361 57.288402 18.454759 10.443800 92.622794 28.968007 98.081940 39.904640 3.055849 45.807900 58.145547 64.124514 39.333767 93.548125 83.325545 86.915341 10.430646 62.427878 0.099457 52.454336 
88.649842 29.062384 63.649653 51.023733 72.550714 64.495700 91.899178 56.060306 29.335206 78.501005 38.130024 31.775914 76.135248 0.913554 36.776505 39.759474 62.558333 34.996804 16.457745 45.433943 
41.203933 70.746723 39.640144 89.435150 47.653833 4.869132 52.569460 18.609082 14.137066 73.507677 47.417390 73.972470 53.552018 19.506165 53.155890 55.684317 94.534478 4.532599 97.871147 0.250397 
29.767686 12.818118 38.712607 7.647774 44.373638 86.780626 18.225312 14.884473 61.672004 32.210914 5.694596 24.638700 22.259419 80.241623 74.119103 88.236537 26.569581 43.332851 6.867299 64.327839 
26.339834 10.337397 98.738518 52.025090 72.281692 86.698345 91.944840 65.279906 51.680071 43.014863 78.965709 13.212511 83.056116 74.285378 65.826802 5.305508 34.538026 52.494339 87.799191 30.340029 
49.966232 68.512511 86.638837 70.892042 46.938363 97.418038 67.201406 77.585919 35.353784 46.631146 84.352506 48.068379 98.084160 15.339086 98.338968 79.825004 19.771554 38.845247 4.571788 63.674473 
61.916315 36.843796 51.491333 89.354171 50.967826 67.582800 27.395018 75.967281 47.976539 12.373712 76.129375 83.614499 80.448729 68.421158 99.426862 55.907116 17.608530 38.193950 11.195080 73.946653 
42.151565 28.596271 29.342245 80.911207 9.797672 35.402253 13.068704 74.475654 28.350697 52.778058 25.995552 50.572312 81.447794 67.560706 94.801574 43.275106 95.427469 39.829327 9.304178 2.159554 
77.997480 81.373754 28.391765 32.151065 51.373211 9.194135 56.328031 64.330693 60.263745 42.070389 6.286715 40.933694 49.580664 61.728032 88.196346 21.312993 33.937202 78.024139 38.249601 40.385286 
5.176588 27.885635 69.252085 81.790220 23.558458 23.996222 39.357527 49.649697 64.054455 25.822608 66.092241 2.839614 67.666351 48.347057 16.906771 94.576111 51.526737 51.782839 38.140173 67.618938 
77.031334 24.717156 93.158378 51.396837 34.527679 57.346085 74.052005 44.648359 20.852715 86.448983 95.200204 86.126195 15.438048 45.603868 10.593666 42.185375 2.154785 81.408180 61.725713 47.053745 
10.504728 3.535450 9.002827 52.204433 83.762089 99.641105 41.046758 65.805321 77.597462 97.308356 87.063537 97.949488 21.866225 38.826494 18.231783 27.378394 63.879061 59.997513 56.787873 74.160781 
41.414766 50.859103 20.942703 94.147452 56.425750 2.679994 73.370933 55.182735 74.267839 46.096285 17.443870 13.917529 26.641627 61.490437 89.412946 5.406071 22.351856 23.489112 52.700211 14.294539 
32.846718 38.151752 21.933828 68.407466 58.845747 9.456371 97.548324 19.845439 5.248413 92.358653 9.163505 38.236016 59.950348 64.288810 43.910568 22.080180 24.024424 79.505122 89.158784 34.990363 
92.357080 2.647281 38.597924 93.995131 55.306963 35.121390 23.775526 32.313157 42.041141 99.862026 49.340033 41.059732 2.439546 1.807373 62.734441 67.464075 7.798161 40.419564 63.922447 13.105446 
92.499771 30.336760 21.053046 70.340542 25.477468 18.626644 34.127960 4.228758 19.590327 85.762244 16.300497 94.638786 96.291393 11.708515 95.241161 36.991726 3.577166 52.353700 47.684226 62.324421 
94.185259 12.506996 3.234349 46.991741 7.583029 57.657620 37.925537 48.805797 63.826876 31.172961 47.437412 46.993931 65.077002 36.178590 28.374074 18.142157 44.956094 7.807945 71.647329 45.809804 
7.886063 23.341897 51.940552 35.804531 72.058626 97.544469 64.532810 81.041599 22.812439 80.861016 58.350222 49.597614 76.850309 84.051449 5.307329 6.246015 41.499712 43.465574 69.664495 77.021570 
4.805779 71.155990 65.012387 87.123817 33.847806 54.729953 96.783669 48.764286 71.929752 82.750145 89.144900 12.433018 75.709923 0.951546 40.361055 64.364202 57.710854 18.914033 38.753389 1.530035 
87.907787 91.850050 76.540281 67.233850 15.384761 31.319932 14.695242 54.773883 5.784733 16.890450 47.328340 6.162051 92.625190 15.453218 6.357838 65.139997 76.791495 60.740278 46.802730 99.130491 
29.212342 1.210101 66.709247 3.662325 77.106924 77.024110 86.029254 42.235589 21.055978 17.513429 2.623708 31.793604 69.732959 80.033320 9.376195 8.246036 11.661053 19.625633 60.629654 79.365577 
38.621534 81.097814 35.874130 8.832655 47.247713 26.741176 85.683690 4.104330 69.566687 33.944806 58.131733 14.293569 83.144766 81.861318 56.043003 69.936818 89.272452 98.806467 75.890297 93.435706 
86.211234 35.325014 77.241006 4.937234 12.593109 36.993340 32.911809 21.149057 55.792485 10.381058 31.391882 45.158162 40.756944 19.315178 44.412046 73.849682 31.855441 57.140398 27.132959 82.939156 
60.907587 26.394580 43.444162 28.702196 96.590528 31.740005 29.024266 76.916212 34.663897 13.497279 44.296655 97.754929 3.699565 74.953071 97.128216 26.684674 96.456126 29.809261 58.109963 43.988822 
54.782531 7.215495 49.270018 52.468061 72.444181 34.655667 13.657281 31.527592 2.466409 94.452719 7.990193 26.606080 19.306161 99.071225 53.675720 50.655657 79.554335 24.803506 89.973660 69.025189 
94.169886 60.820284 61.355836 9.306728 39.225320 92.704406 47.924142 74.065605 89.151235 30.833815 13.392265 92.709564 56.999466 33.255625 30.269546 46.829177 92.881362 33.096715 24.045134 96.004098 
59.754275 52.631150 65.933386 92.521430 57.907250 79.943784 60.104005 23.542771 86.546989 76.018359 96.352926 99.185308 32.321272 39.593591 59.373289 76.200778 42.556088 59.461844 28.411695 67.544243 
27.773930 4.158772 69.471082 88.447720 88.636161 29.148473 25.997063 82.981519 39.747804 84.281389 92.540674 62.905161 57.272840 51.971131 34.825985 56.689564 10.610432 96.138860 14.772917 54.444101 
20.002614 32.370342 61.304380 24.123004 17.585617 99.348049 21.781809 25.124126 26.223458 59.091444 13.923325 87.223578 6.579959 4.404209 74.732825 33.905887 41.783387 87.515524 65.132215 13.035376 
29.789915 46.922969 77.694096 38.697795 14.436888 48.348610 56.369960 92.636758 7.044046 20.456905 20.244436 69.952242 89.918914 4.157775 98.194543 44.932723 31.873083 22.114378 45.254172 66.693826 
56.370480 79.142150 16.107334 28.409794 25.113990 58.049037 25.108081 42.744940 72.144459 2.955171 23.816283 56.566960 95.153952 84.577093 0.292459 69.203065 17.878857 64.356336 64.216801 0.127652 
41.883614 26.944571 31.007157 66.641039 10.967589 52.104065 71.514001 34.754263 42.926860 24.303854 24.539960 28.555757 79.124440 46.502749 1.930962 53.964088 49.183983 50.366596 51.914363 39.796823 
37.412575 81.023983 93.709517 28.340567 56.159518 21.937775 88.561488 41.487880 21.324316 35.938214 49.612266 33.751344 9.477236 99.414165 88.569363 41.162749 80.123528 53.864811 16.106809 33.506621 
92.043859 82.657434 7.887349 23.597643 12.524807 77.526879 84.871772 26.456175 18.128611 63.901684 77.448515 95.370164 41.227423 24.584662 52.670894 24.146162 6.168240 6.215511 89.060499 73.064104 
96.479827 51.816465 94.232822 3.448679 55.973876 74.316151 17.240812 94.109487 9.218402 58.239218 68.381986 78.837987 50.639604 19.024699 20.195684 30.821975 42.525526 94.466436 5.553748 0.444266 
81.796684 51.509987 75.851952 57.971864 34.314210 48.700715 27.816159 41.554723 19.720941 66.931642 30.163777 80.952630 95.395710 78.071504 74.064101 27.336623 5.340340 49.148396 14.491366 29.243576 
4.517401 91.792953 39.847017 34.143653 38.018327 75.468916 51.535730 32.333333 53.975413 79.405137 42.828353 1.466263 0.468356 9.111417 46.851847 25.754176 25.356000 28.521738 31.128397 26.461041 
83.328088 65.235274 25.516694 12.221645 29.071727 58.293156 29.355751 87.379865 47.555402 37.920875 73.679674 83.510902 71.989731 2.165423 81.581060 73.635123 74.392137 43.479917 15.078238 43.547438 
26.970591 80.188936 26.426548 44.623680 15.090758 72.242284 56.377620 70.847110 35.644808 46.012277 82.902257 94.351126 8.763691 66.259161 61.757818 20.671394 10.609776 11.464704 31.768196 99.448135 
1.266598 65.774560 98.332295 89.630134 66.268249 45.591353 66.018708 30.374237 74.096023 44.000428 82.965615 1.397267 77.174680 28.589543 47.063969 59.219698 86.605351 95.256039 13.431637 73.932402 
85.303136 27.329655 15.467767 4.050247 6.097929 64.803810 10.615973 83.398664 95.779524 38.372996 18.696073 68.446388 84.264768 21.877975 90.730781 71.882970 41.828580 17.716557 85.378110 75.567573 
12.966232 17.227565 56.288639 48.559261 87.459871 99.986228 95.657650 62.290875 44.745942 38.816277 86.679763 39.733344 32.070483 49.869670 84.014974 21.076876 85.041412 0.344229 29.072013 2.034657 
69.224640 4.174227 76.800510 71.231383 7.282794 50.641362 68.797125 9.952662 12.944416 11.408042 27.625635 34.956677 33.781238 45.298985 38.941985 39.505083 31.584709 97.906487 55.397576 6.143842 
71.194931 39.971952 68.642263 92.564002 91.326697 56.294688 96.854059 78.829310 94.965686 6.451160 20.982972 37.104859 63.479221 70.364221 4.736798 20.750714 3.683001 33.058594 7.824535 54.686074 
64.259598 67.548961 2.062418 84.908804 47.539881 16.568719 80.619662 34.540919 80.469044 5.594779 68.146488 21.371280 93.539930 62.876525 91.004550 3.818947 50.744764 1.636540 17.690932 43.245546 
91.615674 68.599191 29.043870 49.457387 23.460816 41.795234 23.481002 8.140735 10.580210 44.288516 78.460179 99.007879 25.771341 64.471614 64.836347 39.234802 15.027766 8.644220 59.473113 76.074407 
6.945103 79.876517 3.206692 45.880382 36.982231 72.422812 57.806077 17.074766 74.646555 65.430082 61.717600 30.074825 99.275805 41.390092 16.591383 14.668939 54.630396 44.722700 22.751264 97.708310 
39.101633 56.295612 69.722914 9.098059 76.052824 15.417458 41.809374 91.930917 27.214528 61.438366 50.433402 18.144007 41.945429 21.167575 64.255760 80.262612 72.820586 59.020666 27.624967 97.877550 
85.942340 4.128538 80.225405 4.570866 60.301422 10.971280 76.891770 98.136740 98.118793 5.168723 50.520258 85.823565 91.859137 13.080313 93.783329 51.725252 84.312828 74.656629 76.878603 57.397419 
70.881626 92.231629 73.686808 20.177738 43.145031 27.755014 53.460406 10.239661 37.171612 31.869430 22.986315 37.829748 41.096613 73.076621 4.357880 74.525487 9.243681 7.868452 81.292111 85.885919 
76.441141 95.646077 37.995652 46.387061 31.582487 46.612563 72.516650 77.707450 64.837899 99.322377 95.104819 85.702636 86.841291 31.754963 38.419839 11.806949 3.239463 90.721115 8.952624 59.886765 
62.851659 65.507258 78.217616 45.083855 55.280510 95.051596 83.821147 91.323075 0.183858 60.606031 44.371288 86.008045 40.792501 25.088890 30.950931 96.015257 50.762546 66.534692 54.911523 89.403239 
39.961683 52.037114 36.191329 73.017849 1.915642 50.413746 64.925117 44.554671 56.354110 9.114856 84.126004 30.170170 72.746569 74.988541 73.460982 58.454846 18.464050 8.476825 64.504129 64.211974 
48.041456 18.515986 70.609086 63.093505 50.017641 53.471703 58.772241 68.955630 41.945496 47.485053 30.894236 92.164981 43.748717 77.811469 43.991745 52.820813 44.526018 66.974160 32.848940 9.677022 
39.142417 57.301758 87.797857 69.571225 27.925723 55.868428 1.186719 72.771821 83.056165 37.509715 8.954529 25.238263 3.601520 16.000996 23.026329 17.480740 57.641848 35.984050 11.998058 46.628206 
69.250288 20.648096 40.755218 60.606163 69.921988 91.360340 35.576102 45.066229 97.628104 71.974574 70.802909 26.145092 78.691314 20.300777 7.119820 32.964363 34.577951 73.231530 40.127613 27.590679 
10.237401 15.877950 9.893829 58.088315 52.584712 9.323070 58.560611 29.920881 98.119366 6.437857 13.570516 73.478259 14.656715 29.561588 92.510454 87.010819 54.667302 16.626399 83.056251 95.624549 
48.908876 43.961448 34.847629 82.761891 60.581942 15.338831 98.944079 38.693643 99.396710 42.919463 63.641945 36.523652 41.282980 11.815316 4.697967 92.233343 14.627292 84.715388 83.611301 58.903268 
87.506077 45.384516 26.104441 45.673060 28.780962 67.780809 42.652350 90.533270 65.771867 20.489747 22.154058 14.799972 95.389135 70.333941 51.900713 1.666320 8.182899 42.155584 0.937449 50.731754 
85.189433 33.902356 15.538140 93.001235 79.545596 31.295124 3.018479 2.109821 76.943836 49.503113 9.995690 53.363975 85.041096 87.647175 30.299667 90.423947 46.550828 20.565333 34.701585 55.222403 
56.947909 41.162039 86.476934 97.083340 14.682152 10.785632 52.573064 56.267804 50.386173 10.450986 33.788247 79.388742 56.011680 64.597755 10.596600 35.043078 21.118952 28.007319 33.645412 32.682114 
60.215852 19.351739 76.576379 89.128437 31.593803 90.047490 8.217434 93.216081 5.138776 99.836107 88.859575 10.595404 40.210717 53.606566 89.328343 37.572524 75.522934 14.880303 39.506194 13.358885 
30.619927 22.395740 3.562740 96.688239 11.846962 59.758968 65.653277 47.693451 66.087248 53.685228 7.782509 20.413567 69.832049 93.303923 46.629342 75.026179 96.094294 88.460975 98.164140 30.809191 
90.968703 75.455636 4.896364 11.287922 18.741161 54.987041 40.619472 96.490127 21.303119 68.544790 62.945102 69.479100 73.285214 26.614093 43.588753 14.615634 95.759887 33.078480 20.490832 75.701569 
96.488752 39.112327 97.068509 78.848268 72.808040 20.819267 60.405005 71.874788 43.283763 1.972708 16.392584 44.132746 44.940943 81.573632 57.649444 17.868442 73.087405 53.980145 29.791796 62.011120 
36.191518 56.711020 30.313577 2.903140 18.005012 56.031183 77.028383 46.334523 34.741623 29.151741 0.454157 65.128496 64.012217 75.919162 73.488546 77.877001 59.319642 98.737456 23.596471 11.485164 
59.393302 41.152177 77.631877 80.575762 9.600356 12.946827 77.578563 71.799154 25.456010 76.184504 51.416191 41.669822 0.455938 75.462508 89.922652 77.951318 30.089723 46.316356 9.505787 62.331032 
53.593158 43.552546 46.211788 95.360676 78.384951 38.937561 0.887472 56.173652 66.654173 60.772688 66.760216 18.713107 25.661585 67.001948 7.282326 1.495488 65.077559 55.809194 3.559956 74.829923 
25.194403 82.884052 2.154360 51.617314 10.019210 40.645833 92.080514 45.823273 7.969749 58.363555 88.749360 17.103457 59.690730 76.812822 82.966387 56.866835 69.302505 82.830516 2.269414 41.531384 
26.249994 75.512377 63.323015 38.259402 4.574657 61.264242 1.651568 48.359221 94.023402 71.131181 54.152607 98.409698 85.034433 82.771542 64.340301 32.371510 95.917413 59.456870 12.529761 69.131396 
13.431968 39.926127 57.945585 0.905609 43.499061 96.178369 29.822875 61.725681 10.848291 51.414086 87.244492 66.256598 18.552944 6.770667 80.710921 73.254339 85.480010 23.361064 56.464836 20.375524 
56.331697 13.571957 75.894545 29.229026 92.118365 49.091705 0.250831 32.822070 33.884107 97.727617 96.223602 67.901082 54.933223 15.958955 88.276135 95.543877 31.226813 95.754668 44.467970 75.009366 
3.979886 28.920877 47.243471 76.826624 22.105983 54.326105 14.397407 42.202436 21.279520 4.065560 46.541091 33.248340 14.648058 12.393094 19.775777 26.458534 38.604779 16.559100 97.680465 71.974797 
74.394064 88.867663 74.303305 24.442685 49.192853 7.440111 54.084037 90.118166 2.162640 19.662666 83.988089 13.026930 45.665432 75.988364 78.504619 95.841381 30.702606 98.451992 28.522337 68.505300 
80.717255 20.066582 66.770931 86.772270 39.133388 54.963705 4.605751 81.402615 30.213445 11.849935 24.582471 78.436212 98.945977 30.301207 73.477340 84.373005 20.102772 49.496174 18.146342 66.879791 
5.353976 52.266502 11.514305 71.427059 55.196006 53.110975 56.558475 94.227569 34.360005 38.968675 8.109353 60.470183 66.643249 28.502190 38.820292 26.230448 22.133203 10.255294 69.320320 9.504164 
80.523134 42.265158 19.026589 64.822443 41.998039 81.058335 86.095831 85.188732 61.735219 98.058784 98.278356 97.881084 43.478425 86.932214 47.940393 48.134537 58.651747 27.730799 17.714470 14.080188 
81.017149 60.322423 89.497654 42.455165 86.528390 79.008080 15.964884 24.583638 9.074692 25.041296 37.619040 4.466853 39.086952 62.589563 64.176477 38.620558 91.269337 83.251639 97.732941 47.445290 
51.297816 66.599213 20.438552 63.582360 27.092010 74.862919 70.266977 99.683964 89.399901 82.116248 72.162205 97.613679 34.086007 5.160232 78.303710 25.068380 7.937657 70.752125 31.169728 81.558030 
92.736939 80.308461 51.472817 85.991097 74.634751 88.835153 59.150305 77.471609 19.191861 68.306234 71.523432 41.202921 35.912191 9.462214 68.309816 94.072516 8.623210 18.632670 46.477935 0.419650 
51.405563 88.724933 13.809492 11.594576 80.908882 76.059974 26.209069 45.626906 41.832081 34.316658 9.634548 92.469045 51.969260 38.006287 44.452911 4.527462 57.337589 14.977566 3.410631 87.391807 
90.441639 42.891466 78.286063 7.877026 66.029827 41.242047 97.503911 61.368269 8.943420 44.010408 60.359961 59.374590 32.926815 4.251669 92.248571 7.799664 23.647661 12.355962 29.134241 26.282200 
57.185353 74.538277 46.384592 48.654738 80.203487 80.496463 69.373513 54.202213 64.502575 31.102548 41.615467 49.393114 80.572432 1.346088 93.799783 17.560771 49.190010 80.326128 47.083515 75.530880 
68.426001 48.792638 42.066721 49.564823 9.330650 5.332360 94.520643 28.556090 62.411322 49.972896 61.731832 22.207493 38.578329 52.777754 99.380752 77.255357 14.716658 81.475929 74.194219 83.905040 
57.198052 25.032199 99.606496 90.287776 70.378717 46.248595 16.099834 71.498243 4.716751 36.953600 23.213531 34.421581 16.468237 76.573882 81.467958 83.392644 5.340944 90.283120 16.078149 88.766961 
87.625502 36.023898 16.180968 22.522492 72.871685 66.198378 76.690271 35.304563 19.232159 58.881415 76.040105 89.947076 70.291248 38.360515 95.670829 97.789808 41.219969 38.479519 87.952627 96.666940 
60.884408 92.175861 4.225949 34.560612 81.439781 69.823540 98.813237 99.869814 8.243964 57.881443 18.964284 89.942817 22.554366 42.301220 63.705657 3.724207 7.514979 75.795198 51.063943 23.918837 
98.742386 33.086857 19.843816 77.564381 96.261909 67.188300 19.701526 65.227910 9.552109 2.782213 15.976060 44.827952 5.734047 92.946238 42.206657 10.880923 80.246883 55.132065 53.757899 85.742664 
13.531163 33.217426 56.113027 29.738042 68.487425 55.710695 90.306508 51.498045 18.917253 68.144684 89.761907 29.812459 75.107592 47.517745 57.852212 30.790159 19.611407 27.938302 66.107316 30.116337 
68.521065 43.247809 79.759628 84.988981 65.540380 84.088808 16.574778 93.271976 73.456314 11.904769 30.732888 40.305798 22.194818 24.864074 70.586728 76.811362 38.148534 56.302812 99.811248 64.521900 
46.383725 54.127962 20.315057 55.151147 4.083950 41.154848 44.168728 75.813347 52.993398 98.144366 61.881320 94.600353 42.738185 39.322644 84.074756 61.758078 14.967373 41.617202 69.278903 14.950247 
74.708905 26.677220 89.484326 30.371902 43.527461 69.033060 48.910492 42.317729 8.899911 53.524040 63.503054 25.674867 69.270554 28.974817 97.977423 14.327838 47.114430 15.363174 42.177226 90.308636 
29.292510 97.547116 25.120386 62.386350 20.658776 44.936997 96.168999 61.374377 94.307388 16.900074 41.174801 42.256575 36.205322 55.480775 34.472034 26.686468 18.652000 19.385374 36.174974 97.018319 
22.690030 8.810816 8.943524 57.013732 63.428717 65.798800 4.456649 90.099291 86.121435 92.033095 86.609142 34.218176 32.487641 89.087257 73.031164 62.972181 45.982175 16.991996 66.400793 38.143617 
86.943728 9.388676 68.742842 97.493542 98.883402 89.485863 94.139112 32.475283 64.247539 34.969048 63.089095 21.273327 27.513748 45.476585 47.179225 97.211755 55.345870 73.130850 77.957482 88.027754 
46.719382 3.794308 24.494215 6.520225 31.348586 96.703824 48.094921 24.171768 35.823562 77.299650 38.325448 95.993013 45.768137 28.577699 36.916452 81.076560 16.495003 27.522899 35.663369 27.447402 
44.289828 87.436480 17.149274 45.503930 84.685010 13.848078 25.956768 40.439427 16.886334 83.543697 7.574390 52.565694 78.265713 96.941542 83.889695 42.605151 52.371228 3.116747 16.104975 25.096613 
75.442031 54.264221 22.647178 80.095630 29.515277 67.329196 71.142561 14.281277 21.995995 68.629204 87.027805 8.866219 13.892252 56.802226 21.098541 27.392457 13.790551 5.177397 20.621972 33.888649 
0.361896 62.987681 15.475416 0.025069 84.032591 38.152897 33.187999 75.569230 22.446517 55.315447 61.581739 17.580543 5.721738 39.448065 84.808224 50.594735 69.544125 34.921930 66.787801 14.710303 
22.298994 77.524049 46.712897 72.283301 61.427187 47.844402 61.719436 46.916308 93.459885 80.356266 94.734326 4.491820 91.438377 89.870340 33.360805 41.160866 81.642583 76.425511 52.610446 32.060985 
89.393584 20.692824 69.067518 17.303122 97.648812 0.136079 79.932080 33.965022 98.563821 56.717787 30.133266 2.616414 82.064905 41.266902 21.635286 40.410923 39.314873 70.969329 4.538316 34.389584 
99.271728 60.931947 85.416327 15.268959 16.952579 84.966054 74.976801 99.559098 35.420071 9.332058 66.953106 40.352409 13.834437 42.252745 27.363358 59.165495 88.206419 8.374053 88.327356 91.896143 
68.380621 11.279900 74.385620 43.877242 19.644209 65.087644 98.432548 20.286002 25.180537 81.927717 5.572641 15.627574 85.096278 95.354109 67.295133 78.549725 19.990997 80.016138 47.211040 32.407365 
45.372875 72.089085 48.134577 69.487482 81.395673 73.254259 89.443474 27.196051 58.904924 97.527713 99.177858 70.874680 8.907553 64.858306 32.327711 3.685476 30.093451 43.113070 13.856879 63.483653 
11.509793 17.404788 78.902827 79.062392 8.735261 93.122548 46.039796 1.208874 89.453262 89.370703 51.031848 56.857959 49.863124 3.832890 10.508139 5.045996 79.195634 59.892070 31.251240 86.075565 
85.181033 33.754774 78.202127 10.858691 90.871827 4.738082 73.432018 24.612873 64.538241 58.498544 80.005821 46.319777 68.478536 23.430476 49.985406 38.441032 2.036411 63.763111 62.978626 69.670301 
42.598548 20.280061 92.098990 97.433596 18.492758 2.916126 58.854790 64.979004 21.262497 57.619790 4.817021 77.839986 13.601068 0.264865 70.344778 30.336783 79.089145 62.958573 51.946978 51.896658 
67.642555 54.095570 40.983748 6.185979 46.682135 65.256077 58.287913 23.388962 52.303735 96.477444 66.959452 40.069178 48.379925 67.918492 19.172630 41.651362 94.271239 98.607381 48.855637 81.984284 
39.302092 93.560275 77.384130 37.364844 38.120268 79.369266 65.850268 37.090761 69.901092 96.561089 48.523775 73.748876 60.768577 26.668613 77.303407 71.543787 93.070493 62.398507 25.834809 79.679521 
30.120032 33.572647 70.774323 39.229578 13.687705 80.811406 34.275626 64.375439 36.987668 78.216338 3.589636 94.531372 30.691202 97.064935 61.943103 2.405487 71.912280 34.266290 80.049176 16.222932 
21.048253 52.802107 45.963464 98.889019 85.813436 38.638122 25.929394 94.852230 88.494061 24.325459 64.334441 49.696929 79.753377 95.557589 94.609534 29.026644 54.880960 50.082291 1.098722 23.611357 
3.906056 31.774422 17.820610 80.906006 76.886851 21.720725 45.454841 70.205540 16.866334 70.989259 56.757623 24.678982 97.862478 30.243116 21.067682 42.321798 13.645977 18.643726 10.756182 11.382740 
33.421720 45.868581 12.424303 4.510554 37.835490 26.224580 33.086419 23.579131 38.313523 94.017283 64.646953 48.743440 81.902199 72.741204 89.952821 4.655978 53.078446 97.992977 97.747181 65.744969 
28.874408 29.197486 41.264484 67.122293 49.351127 66.831258 31.315476 27.580691 46.135274 3.937568 84.076915 17.045691 49.079892 95.728081 42.103529 75.530706 70.107208 74.109384 93.539007 93.330686 
8.530600 65.143800 20.418736 44.024256 42.047073 37.207108 9.036386 66.548606 57.745702 72.123374 47.052800 71.895708 55.358067 27.877291 79.094665 42.549456 64.450182 71.901194 94.916359 38.226080 
82.049678 63.112426 24.678219 76.983910 84.645814 32.092161 88.905747 4.644155 67.223151 77.966729 53.855942 39.398418 5.146556 2.120410 15.936466 55.630365 0.947595 27.559539 0.249284 64.823049 
86.751813 84.989662 57.471552 99.378817 84.745356 32.851463 7.549458 20.487256 81.297356 59.048076 37.722154 87.183247 78.188567 81.710837 32.683089 34.001506 17.646574 45.890475 43.853919 76.764176 
5.785038 41.128922 46.332183 60.113088 62.432131 5.382153 44.804366 79.070779 83.343061 47.731032 74.782765 43.899288 87.584231 22.235380 92.805158 27.719159 53.929142 65.731081 14.322098 59.057828 
22.547182 92.163005 86.120185 22.320725 77.265776 29.184966 71.564264 2.065389 62.772618 66.206834 51.592370 99.349207 89.710984 63.826390 82.427699 38.439613 79.928142 16.161473 0.764945 82.573437 
98.667665 1.002138 60.617885 8.307752 33.931697 18.456402 56.691205 24.067273 41.457958 72.686650 2.860734 43.240059 14.369766 28.826293 95.513283 53.574111 4.236976 24.156996 19.854456 5.290687 
77.444172 98.926257 64.564722 81.354236 76.647571 91.789440 52.655039 37.880069 59.529974 11.839718 9.932828 52.481687 27.674599 11.425904 84.390875 78.339680 56.223934 18.374181 52.511222 37.031291 
33.995746 0.095991 57.796283 53.613921 35.228742 33.750335 64.633311 0.508869 18.925201 98.779990 19.656463 68.881270 22.461450 21.403064 37.600654 17.384301 95.675729 13.070437 67.558633 71.797038 
41.610200 5.602326 84.230336 29.947533 74.821678 24.400744 91.645645 13.612510 47.000515 77.581391 47.187276 87.736768 76.255781 8.559431 28.722129 14.371534 35.991001 0.275062 39.865036 75.605023 
39.815505 52.436872 28.279835 73.139901 84.786056 34.389930 46.763176 8.381138 13.759678 30.516430 40.364524 17.127401 75.237058 28.609652 24.514422 29.264872 41.494986 47.131078 5.433811 88.020811 
9.869438 60.295174 88.203171 34.017579 31.852115 36.859813 15.884565 63.494054 28.782851 72.387088 67.209006 96.845370 30.919390 58.802136 17.403953 34.217833 3.063300 52.154696 58.655400 14.513406 
17.996681 60.721329 33.695714 0.485420 0.884786 4.899722 86.164736 98.680417 58.635212 29.887173 8.872870 50.994996 45.646409 54.892277 86.869381 62.465660 97.888924 87.886292 32.681826 56.659222 
68.535017 75.218937 33.565226 58.176178 9.089275 79.877856 96.421390 12.104191 83.563428 47.214515 87.563172 6.741355 60.728189 33.265800 70.772618 64.677046 1.700367 5.798909 22.177730 33.844474 
86.499207 97.711382 61.400778 48.600979 73.515472 24.180038 53.988638 50.546990 82.643257 7.432929 58.596241 76.659554 85.118480 48.363084 64.450800 58.285685 49.531382 93.615781 27.438191 71.625511 
67.509348 56.021734 79.718536 8.934607 3.964580 1.464130 69.442275 11.672611 23.426808 85.431732 38.972880 39.251615 60.624237 2.769488 99.178671 91.098306 61.210659 65.679365 96.438328 26.089459 
70.155790 67.162899 68.085405 58.823095 64.018927 6.763638 67.309505 32.680023 94.047335 11.714722 30.687795 97.515203 12.650049 37.979042 32.253982 52.337453 14.246441 67.446038 51.083004 60.896113 
14.172356 7.693011 31.861031 33.426646 25.458573 2.171187 31.471676 83.204624 55.160734 81.913071 79.854811 87.757040 98.322289 65.602438 46.547774 47.002643 30.146060 16.817608 81.828664 41.642186 
79.114035 57.325562 99.670477 39.435662 22.475604 90.851121 54.615205 60.119337 69.752201 93.543130 9.051465 26.767777 61.946896 30.888239 93.662047 14.932921 33.412523 9.654184 74.738012 68.348586 
42.417943 56.813632 98.686303 15.287296 87.161395 5.933987 72.208167 83.541984 22.613779 80.317157 48.578275 24.088890 88.094004 10.671490 76.834144 0.977191 26.418616 59.272086 11.785949 88.741108 
52.646710 1.254552 84.095488 46.719756 11.920554 82.789969 9.972170 90.796847 44.220230 51.597725 11.952592 66.896411 52.653852 46.969223 76.624777 47.984582 60.585605 38.481588 39.790794 96.007472 
44.845744 33.942110 74.399770 80.604732 61.308529 42.015335 63.118152 47.245769 4.276801 35.141877 82.152083 94.725123 19.780231 79.030370 72.489959 60.013358 32.999227 73.295134 37.379461 96.317780 
2.968556 63.486312 78.833840 10.339708 89.671537 5.442423 21.188207 51.151048 42.189889 98.556376 96.520863 4.652507 34.390766 11.868696 72.733516 2.017502 7.794689 39.092789 20.673759 1.880530 
29.764631 71.626055 18.025077 65.471472 11.911083 56.507137 54.712936 13.363258 67.770495 30.618692 38.055182 82.323220 86.966333 97.748367 74.331230 82.919982 66.334360 8.706203 60.465823 38.425392 
34.285208 47.994869 11.362631 6.567542 94.194431 12.591477 31.175304 82.842308 38.061292 3.455046 51.051253 80.962639 7.331648 47.809796 4.768809 62.841553 20.481395 80.928363 79.631916 71.845973 
68.785880 24.071180 35.369443 96.952714 74.057631 2.591958 50.897439 19.510841 2.109618 43.881793 29.492162 28.559668 16.139564 5.241282 20.839946 61.753153 90.925230 4.159062 27.513629 4.421963 
29.731683 20.850913 52.391168 54.919450 86.511826 60.765210 10.695053 62.536827 99.386957 77.631963 60.131429 64.271707 61.750257 98.156792 73.093030 14.765499 66.579365 53.165460 63.636632 48.900867 
20.352676 40.024239 32.442381 67.187147 16.966000 18.613469 93.126802 93.800921 9.172732 25.966534 80.305250 80.025745 78.477150 79.159553 84.384974 78.301619 45.691372 39.042736 76.315001 39.284992 
37.528717 86.545698 93.963962 71.355385 33.688492 42.725464 99.541863 86.563439 89.406944 85.602610 5.985569 13.843538 51.489939 11.995382 25.463884 70.902850 28.797302 39.997207 69.164389 73.567351 
16.864649 16.835528 63.503604 8.424985 70.932186 41.336008 26.424230 30.096651 32.801674 43.356987 79.830185 88.154256 51.070569 90.536870 11.956523 50.700933 80.021536 11.302338 36.381336 80.583305 
93.982729 41.324866 80.432850 39.068570 7.889095 51.079264 10.736967 21.885198 13.899077 35.758994 0.430865 22.847652 6.672921 38.368986 69.935121 19.272842 43.835325 14.306065 92.600727 39.908518 
17.698805 39.029042 11.977907 4.043946 24.229142 46.356772 23.347730 95.632079 19.793367 52.736110 90.925473 43.692034 41.556112 25.390451 24.807307 83.072606 63.693023 0.142520 26.203789 69.026526 
26.605333 71.770678 83.828802 54.538425 27.328760 54.175188 17.981965 73.247569 34.794665 72.695528 67.358127 74.798429 12.842569 26.040010 1.049928 1.391310 62.040772 69.006625 0.699569 93.505865 
68.217175 96.424649 91.681983 45.450016 12.245621 83.836617 86.089878 54.347716 12.501387 98.404083 49.878744 7.161042 27.038805 7.563621 57.666201 40.038912 15.778298 20.416439 78.568375 11.589094 
90.691285 74.213994 79.455667 49.226282 99.578923 79.863487 67.226025 98.271652 83.778624 66.713294 56.697223 49.062355 71.799459 38.956740 96.722827 34.941890 34.931967 69.845070 48.360264 41.044239 
82.258932 90.339488 47.502933 70.910607 74.425290 65.650135 75.335279 8.887664 87.336879 73.339921 34.489278 10.886160 16.927540 25.981791 6.808908 2.483903 88.746099 80.115564 53.274116 55.798706 
88.873121 56.883460 43.510799 70.015303 45.810618 58.028672 73.744437 65.314854 92.674752 48.680310 59.645185 19.276804 28.181397 66.645893 42.120883 93.784352 40.752428 57.196377 57.169445 65.437585 
42.718573 49.193765 7.042218 93.850546 55.435785 33.656254 32.044657 99.316030 92.056442 63.276412 20.837408 6.335792 33.545305 0.032721 48.379783 54.961368 20.256685 44.537210 65.491662 94.687372 
62.296544 50.719640 25.837303 37.337774 70.057052 99.810285 13.719470 81.785995 0.879373 67.065838 72.617881 29.363527 7.708861 45.825700 73.219097 62.262994 81.110421 81.857347 94.155626 44.765943 
80.453768 28.429118 42.375430 0.668813 13.668348 87.771370 50.181876 6.880803 85.811440 65.461320 64.469118 97.152824 98.192810 85.274155 18.471679 52.228152 13.388151 36.482671 87.817080 68.239908 
88.671252 11.601748 57.757637 81.589533 2.929987 15.156760 93.533386 36.746799 33.201682 94.311272 20.530694 61.275627 25.315924 24.226174 96.155239 7.412401 69.683668 19.581490 63.271222 36.627831 
83.938488 62.454273 41.894331 28.713331 78.186671 17.448512 6.411788 86.836019 98.538528 0.056342 7.525329 6.906677 0.450813 47.804001 37.501694 23.493529 94.472683 76.181592 55.889946 92.078494 
45.366341 84.643864 60.733505 46.273287 59.473390 63.282342 6.272511 77.381135 90.049622 97.355139 78.331464 21.142273 64.745891 38.247986 58.118445 6.133293 94.390523 87.342902 97.641938 85.011910 
37.868346 46.757029 8.880876 70.017304 78.472623 89.101404 31.668196 68.506295 36.875600 19.264659 14.341268 50.235478 93.388357 33.133029 31.283943 66.219431 27.012289 88.554978 79.491998 52.324882 
8.054764 74.122227 23.564258 12.770073 54.861328 52.758419 54.938175 97.822138 70.825547 53.197954 36.775947 58.159073 9.187698 5.367123 60.173931 51.765663 91.718844 22.952139 69.197100 37.320267 
2.417316 34.672051 74.730832 33.826766 89.199647 75.328305 8.466374 20.230287 22.817139 67.927478 17.101993 19.568859 71.452763 97.649450 72.945740 53.867577 93.643129 6.207269 99.391120 56.671969 
95.168438 50.173550 79.605426 10.050540 41.788506 4.648203 95.617603 97.027468 55.466093 47.512027 51.630833 70.127858 93.650153 94.972890 99.925678 53.594187 59.311393 63.348203 0.683290 6.082885 
43.788695 6.769478 99.328028 44.093098 57.013518 98.618161 98.533212 39.056139 5.629341 26.904681 61.788919 67.585216 61.023690 16.661069 52.646371 71.474107 71.021645 22.306522 58.873274 16.940381 
66.668438 19.643225 82.446867 39.821843 16.045327 71.228918 77.951770 32.863442 87.423309 37.517366 29.278513 20.241197 4.762406 44.987738 16.065082 0.892951 38.577475 67.764046 50.980988 89.115695 
78.610538 24.000394 24.821045 18.178402 13.888174 56.345161 29.455275 72.142837 1.626965 44.393636 48.963337 0.552148 74.257608 67.246217 28.490114 54.911868 35.931950 49.785095 88.390822 32.323931 
14.156577 62.592070 77.004270 83.789871 22.242566 6.974305 75.592848 87.349273 65.364222 75.822515 4.052757 1.389164 17.887256 85.481116 14.067247 77.513715 37.633410 94.885229 43.644689 59.848589 
84.624372 81.212548 87.055567 67.376379 52.039531 58.853764 48.557735 36.639266 2.350744 14.543392 10.673626 79.949279 78.751453 76.277279 88.181410 4.659750 98.780416 50.645326 15.169043 16.697005 
33.557927 43.974136 45.656670 56.726057 71.505515 5.005101 35.955628 37.996424 0.247914 48.793922 4.420406 66.120191 2.572924 51.878569 3.463711 42.917036 82.675692 24.922308 30.612324 71.352097 
30.935958 81.306403 77.118926 53.965038 68.031390 55.559902 37.911168 98.785678 66.158424 29.857021 59.443748 81.273447 5.677025 99.679657 49.923927 27.316389 50.995874 96.100900 6.385843 81.336231 
48.500495 55.719965 17.566397 25.260303 58.292616 85.167589 12.302204 46.036343 3.587466 36.623137 41.302161 97.194396 40.268058 94.105595 83.619707 47.319457 91.248556 72.555768 36.868496 88.719693 
6.436782 80.670410 36.713615 12.152974 82.080191 62.490944 21.378058 90.106081 69.896847 30.843425 24.725812 90.166556 51.759506 71.185603 25.286842 8.484874 55.612524 64.386412 97.523560 31.026624 
90.047494 31.126504 99.180736 8.760100 18.241731 96.306189 21.159372 97.352672 12.627566 32.845951 70.182656 72.280631 13.841268 82.438300 47.395630 15.497542 92.209367 75.297769 27.764623 10.700725 
99.734070 43.863759 51.302810 57.336906 1.234167 41.746957 9.933824 97.158181 85.698540 21.229936 35.318241 66.177238 74.678711 71.997900 76.862636 74.107252 41.210551 13.991472 74.958138 76.794829 
47.389462 59.501592 92.347513 5.367867 48.649362 15.474753 28.977275 6.459240 1.926061 3.610725 40.516383 46.712152 30.166635 28.851217 4.512281 2.769590 35.535114 67.647580 73.891991 54.549293 
60.524005 14.425313 99.837012 9.455782 33.893966 82.528515 2.340501 56.639284 57.958489 54.616996 77.142848 19.561178 56.784746 74.783808 93.529400 53.186024 38.822168 31.043469 20.385327 52.318314 
32.649756 59.743408 88.318790 80.141130 74.617184 8.968997 10.734148 88.856840 89.060822 58.883788 53.294390 78.593633 1.318981 64.103444 52.902797 34.004249 17.504300 65.539988 90.699221 83.156277 
99.219440 93.880209 0.405386 41.756682 31.718537 91.830897 30.561372 21.372919 55.675575 69.209648 37.886595 62.632242 2.823918 53.608084 83.096195 49.772938 70.171363 27.117012 6.834518 28.305803 
33.295022 10.895016 96.996507 49.804635 7.559223 89.769313 0.110939 64.942323 61.073141 16.620282 35.175159 25.539216 99.853115 52.007351 21.201516 31.587290 71.677688 71.082777 29.173900 1.314255 
50.558632 68.372186 10.435288 14.148734 68.841272 53.190286 23.950368 27.253489 44.866892 77.969853 75.014579 61.417412 64.745622 37.488216 6.282617 56.677472 54.931698 36.462005 82.010142 22.422982 
94.024266 54.482388 56.829050 45.301923 57.435659 10.510834 23.096806 89.071688 18.150451 28.542701 71.931972 85.883635 42.097496 44.758624 84.691869 88.741735 95.348906 68.554696 73.753638 97.641935 
93.686752 35.570576 17.663365 80.475491 40.462456 6.378719 60.539910 18.726452 98.207849 47.971860 93.885278 1.743795 70.918527 86.519571 84.143265 12.289159 8.074915 13.322475 80.700239 1.934936 
97.072896 24.898060 13.684334 94.499095 6.778161 10.868214 52.609075 68.394106 70.675942 44.009191 89.037040 47.596596 91.019092 19.323234 51.732123 16.376517 32.772500 15.615622 23.486801 81.388822 
7.810143 78.122288 14.541184 72.575461 71.939978 0.348906 87.896280 73.508624 2.762578 26.514398 66.757212 28.127971 22.085253 85.834390 32.567085 64.191147 56.788777 15.462167 24.158620 29.368059 
81.130221 88.059503 67.002639 14.894376 72.560271 19.418468 21.197015 12.896381 4.879626 24.321829 91.998197 63.132023 28.439185 51.320679 84.616512 38.993481 67.437187 62.135455 48.991079 13.293609 
75.664425 41.083842 3.810138 79.470273 78.959569 20.311889 13.668223 81.922729 70.796707 26.877906 76.465730 48.455114 71.312606 97.988985 37.193098 39.510825 22.334306 9.546266 89.338065 66.489912 
79.565900 45.870374 98.923153 22.408068 43.089633 54.881300 22.435454 45.751650 25.038007 46.535527 12.666963 4.670257 68.554825 42.522109 4.980007 75.700932 96.582203 19.781630 34.366358 4.428875 
77.993105 54.146638 92.166976 25.027269 56.363792 12.250719 77.200921 49.370232 56.341384 29.196539 90.508336 9.834923 83.310985 5.670322 49.660712 38.072280 32.579458 4.928575 53.941958 4.356151 
34.614289 67.830488 67.869171 2.957104 24.851535 82.211442 10.393330 72.729453 19.991522 78.941451 4.554410 3.949368 33.806399 40.947513 65.312364 4.902100 77.144282 47.449149 20.530206 6.305323 
16.454947 26.541652 41.062290 94.380682 14.953528 35.661771 89.924060 18.613296 0.696733 10.315546 37.814120 17.128577 31.917186 44.115043 82.514908 22.856063 99.644042 44.617112 89.219148 97.728353 
91.004740 66.509192 79.411147 95.818941 67.186730 52.376980 20.624787 34.946976 42.378030 19.206332 31.516745 21.325479 51.915444 77.291510 85.677691 15.433952 10.850791 26.868744 97.469528 66.805374 
61.741971 4.249230 43.084926 95.734708 43.988460 30.252135 60.573894 61.790998 85.573941 58.721152 20.267771 80.525350 56.298639 80.922375 98.563770 50.295250 70.970171 86.381421 19.196366 85.003365 
87.094144 51.334594 14.364540 43.829919 63.606853 34.612973 16.482707 3.241894 56.970966 60.868872 51.866063 76.968522 85.540180 44.172965 25.386013 66.101441 0.164700 93.354847 71.326860 18.794068 
86.649122 15.574916 49.365131 36.737898 81.427955 17.613741 92.504513 72.058667 97.144393 25.046666 81.522788 84.973597 39.141572 38.775826 5.926700 8.344580 66.379768 56.588079 34.988223 5.775649 
19.636971 15.748821 7.420005 56.443662 19.264241 75.049724 24.308229 86.433116 62.248823 49.839857 68.546502 90.553784 7.866638 30.558689 19.356638 71.614996 58.439122 62.584401 55.171333 51.175317 
21.332768 89.980404 46.458768 19.181947 55.499477 93.194134 73.419925 90.979389 24.905297 47.862996 68.397974 70.361214 91.877626 53.690226 20.454575 17.318191 3.706001 85.045460 85.566603 87.428681 
96.888987 18.203392 67.856742 50.078498 39.526402 6.467343 3.005256 80.123286 10.454115 35.711248 47.574834 92.986560 19.494620 23.169308 35.515562 54.324118 45.447129 70.414393 94.230092 39.162483 
39.581978 61.143666 88.500247 40.338116 51.694922 90.331845 89.312963 49.956659 89.459616 11.264476 89.761298 26.035979 46.901306 36.435703 76.101966 44.239895 30.063875 64.888006 50.302220 98.477200 
34.009513 6.568614 3.445355 82.770672 54.714457 78.614217 98.444846 64.117717 82.679067 96.936252 74.128835 59.200499 64.833246 95.574853 53.186934 30.909621 72.208444 62.561343 2.179076 54.318254 
58.738804 10.496483 17.754214 88.827265 8.090650 93.084340 70.159222 79.402348 41.369400 32.922243 71.592050 85.678229 46.202965 76.573710 98.721858 31.042295 50.113426 13.992565 11.351457 16.747060 
62.969814 89.638297 55.899523 76.703735 5.516651 12.713745 39.606447 21.776108 9.577057 43.653891 91.791973 95.393988 89.060486 76.122943 97.468248 21.920163 46.097928 70.593550 70.808860 10.706093 
86.106052 30.859445 82.359179 9.736710 47.872786 74.227374 45.147858 58.564281 79.647344 92.151108 91.559076 86.946012 93.507913 14.331820 89.103980 37.879624 65.552397 28.198324 81.238521 3.831207 
62.606973 3.407832 86.636295 46.898915 42.897289 1.001970 18.265988 81.010346 63.709594 50.637190 84.188990 94.145634 5.891716 21.238725 82.519793 52.067063 47.738773 26.826926 27.285934 80.681081 
86.259221 83.883475 31.079816 61.095802 6.120314 65.259421 37.352708 90.513137 13.362572 47.909463 71.798005 58.265361 91.886899 5.226082 68.095857 70.135325 18.764679 13.078365 62.014447 36.442040 
46.469321 7.565354 73.966745 65.117157 28.281838 16.706925 4.796479 46.149538 2.297426 14.168064 62.042322 3.726881 82.210750 97.275572 18.676430 2.635812 0.549973 44.369265 40.545437 29.425807 
52.076147 97.213868 38.963983 65.546795 62.410269 29.697086 5.374266 43.183092 8.927643 75.276258 90.640485 19.906272 79.282070 57.305828 77.513312 27.889694 92.456065 89.071614 52.923626 90.498153 
19.577850 20.728507 22.819357 81.219312 46.305228 71.187271 50.205873 54.210638 17.840613 24.995994 36.530425 32.737943 35.673104 94.147033 81.246078 30.099100 5.222561 31.125165 88.375559 50.575624 
86.848986 40.304808 30.358328 64.913512 21.200589 40.239710 40.355144 95.336071 26.720408 15.850956 76.380880 0.118997 64.217179 38.223789 91.387572 61.737146 10.736086 32.469856 11.100929 1.109074 
11.010697 19.730561 69.941432 43.439806 9.362689 48.262017 46.759354 4.612623 18.042710 43.903772 26.021765 16.906407 30.505828 38.027969 12.667351 74.218241 82.812585 40.303631 63.557133 58.739669 
3.635144 94.124981 6.404205 3.163515 70.440812 3.129963 18.428225 86.769566 40.094179 7.962801 63.468397 42.666448 71.596575 61.638654 57.575465 10.850313 10.705156 43.449947 74.990428 83.008885 
69.721772 89.973898 1.353790 22.644350 40.015141 35.451097 14.943499 0.219045 76.327720 57.273108 34.616507 2.025943 36.426102 55.486961 92.699299 89.179670 54.422788 70.803169 37.350037 17.701092 
90.713472 39.069269 15.876629 62.062707 5.729813 34.315623 4.204355 64.546533 10.956500 66.036531 58.156672 17.201212 69.983369 31.677606 29.316418 81.271854 59.847985 91.235998 2.659533 50.599748 
29.480851 92.180383 80.385724 21.625520 50.716483 66.525537 65.279330 83.889336 58.289211 23.389830 6.650401 65.955859 69.989019 34.052486 52.072196 3.945342 19.822847 48.346897 4.833077 40.027272 
74.115251 76.550358 6.933255 51.582115 9.641769 44.021285 92.896060 65.393881 16.687220 99.574442 56.748514 11.046498 31.198683 16.698551 97.002487 72.750424 61.920900 65.913113 79.021304 29.389326 
75.021846 48.747356 43.736234 0.658871 34.843849 42.752733 77.266257 44.759056 65.745540 43.783698 62.059890 66.126150 74.225933 97.461479 60.662478 25.020574 86.230480 24.829742 29.953694 50.022357 
99.396293 59.982178 31.566931 84.958703 79.043963 32.781271 16.445539 80.711113 21.356005 11.443876 97.445475 33.202639 10.005143 60.296617 28.913569 18.910757 1.713318 32.344393 74.839310 9.152589 
95.354195 96.739223 96.261254 39.019249 83.959668 69.789839 74.494159 14.819831 33.485113 61.610676 0.245620 22.993963 35.813381 94.069818 35.380358 91.502983 56.750201 45.491716 64.944528 17.306469 
26.111271 67.697841 16.213439 91.160762 66.228218 22.046249 97.963857 19.093858 19.615403 54.424371 60.284181 81.191433 89.611366 49.184178 37.420093 75.054168 41.132452 35.211829 16.255109 10.313993 
17.497021 76.435343 74.660825 65.194516 9.522018 41.095826 81.523638 32.682159 14.453310 92.722872 55.238948 9.900645 4.629080 18.882167 19.891507 52.016320 36.550685 63.905099 62.788416 59.101921 
7.810946 83.649559 66.039981 5.856985 92.472200 33.305246 75.673689 54.190048 93.210110 37.244252 94.946912 31.192516 64.586770 92.740072 76.065571 74.409227 72.521058 70.956754 86.790141 57.633134 
92.163815 91.465571 61.994914 37.915431 73.172860 2.013456 79.002571 73.582604 47.022285 50.378200 65.358065 23.836194 14.793949 30.012848 23.571227 4.237143 46.566193 33.733968 85.258736 85.951612 
62.155230 5.335980 63.011102 7.433087 58.917834 39.567905 7.508423 25.937202 75.124314 84.614866 67.607334 6.996033 94.250908 95.187142 18.618647 6.951298 39.741669 53.299383 69.578081 72.071173 
7.322143 47.341532 30.964750 32.178328 17.309627 61.978213 36.938007 69.610186 20.579385 39.674789 93.610222 93.072591 16.028770 49.684453 67.729489 31.422841 50.663290 21.423814 63.663508 5.087655 
85.761900 83.365438 89.461726 1.865075 35.331290 54.603092 99.483241 23.107626 31.987847 98.564944 8.535709 97.125307 86.720617 69.087667 9.900809 19.653935 9.650445 80.653235 34.868191 79.333703 
95.681444 38.603704 99.875350 83.540296 64.607586 27.424667 73.785868 67.185766 54.237078 93.817643 62.883515 5.266043 76.051129 89.214641 84.841205 19.214391 86.270626 72.898444 71.170677 40.273492 
12.954540 4.636785 53.843941 65.150292 5.472563 28.779153 13.149875 84.175186 15.212844 6.831745 66.002403 38.281686 21.980278 98.009193 20.020377 94.364116 47.608511 47.972202 68.800031 20.354363 
3.561331 8.625352 20.916207 98.573243 65.825476 53.358953 28.015626 41.049502 28.653706 13.503126 28.127895 10.839989 16.407402 97.036769 94.611193 81.621352 75.234447 91.624484 4.137595 89.993481 
74.299584 23.488436 46.306992 34.125548 9.378189 84.966395 42.855778 76.384881 63.350052 45.275183 49.292822 93.338016 77.072656 39.730825 96.537402 45.656939 46.974195 43.389338 43.309981 44.730224 
51.386947 83.387003 37.728780 54.217639 37.258044 81.879370 11.256414 0.178728 67.426435 2.503799 45.741019 29.241381 5.449658 78.403467 8.947209 60.815476 75.981458 71.344889 92.943611 90.055176 
48.915170 98.655001 26.746820 8.868106 3.122377 3.297592 80.919503 22.672520 14.272136 32.235921 22.283616 47.625241 45.094393 39.121199 17.805320 13.259683 38.664291 32.691562 39.424621 9.722985 
36.861116 56.708084 13.977541 66.235557 12.530624 22.117059 51.685293 55.374989 35.365685 18.581007 33.616245 25.867220 29.567733 35.280035 26.242615 34.424912 32.341747 13.043330 17.263378 91.620767 
22.793366 18.873788 22.481814 24.694381 24.805584 72.874549 27.843086 60.538094 96.797389 95.456219 19.385223 8.031292 98.695218 18.511431 59.545621 35.038972 24.475494 43.545657 56.695740 76.145699 
27.565000 21.985060 45.126749 1.101342 25.566862 73.884380 45.488516 64.154653 27.932494 22.956950 32.182573 15.730172 16.429847 19.198509 94.396192 77.365697 36.046069 57.616689 97.092742 8.097815 
25.265866 14.784938 75.902327 68.011385 82.617374 9.963147 71.252813 44.252219 48.427295 30.607474 78.802755 10.665725 78.381580 44.383077 83.502823 68.647009 7.131738 2.528783 61.873870 91.112796 
89.464642 8.627361 77.177669 83.051854 12.278669 40.227073 93.224291 32.015673 90.321881 31.662459 19.530345 24.722587 73.480380 23.901383 33.144356 98.291548 15.479794 10.286666 18.400596 79.571699 
57.916779 82.289175 56.665253 98.895842 18.211436 18.004763 78.711274 70.935025 8.364995 1.496103 84.751564 26.081084 64.454240 71.939892 41.835620 86.212772 5.389093 70.131123 25.207710 8.083560 
83.327663 60.759972 69.232109 45.671625 5.239161 28.605002 57.873433 60.624761 40.718153 78.002023 46.943772 60.755363 54.363692 63.962708 72.146461 15.309760 8.970969 66.502863 19.742834 72.144052 
7.040067 53.641417 11.567631 18.634436 20.363550 35.953169 90.121390 96.665788 64.127889 15.747569 55.105123 34.596702 90.129587 85.313040 97.193920 6.951679 29.440950 86.528100 50.536482 23.602631 
48.503082 80.690782 49.188448 85.026130 47.348746 80.556126 59.492242 53.908858 32.092935 9.971001 3.795707 34.375189 68.439134 12.813649 73.324547 85.759435 67.208801 3.975536 41.480090 0.495746 
0.916511 24.705716 57.829258 88.021182 97.090423 4.112051 88.746126 36.463771 43.593735 94.294863 16.768342 93.239636 98.472644 87.336022 89.261987 42.714554 19.464791 82.241987 5.003159 41.151668 
34.378853 60.254212 28.799872 70.667247 29.592322 6.283766 39.379432 2.132112 34.269636 86.422945 0.174412 13.889768 25.542014 80.544396 15.383205 65.876315 80.123450 92.196840 50.680790 16.898313 
33.342584 70.337284 51.006321 88.791777 8.709190 40.352804 18.103410 73.833846 51.429960 93.971633 55.838195 31.681502 61.129279 74.859932 50.482142 3.577457 56.360975 53.621701 43.916999 53.251771 
7.554070 68.955037 71.067721 79.013323 41.564230 73.745655 78.678980 12.386499 15.313935 46.758913 68.830920 20.589926 6.608615 71.309953 59.826441 35.514132 35.997949 78.755242 22.841251 92.111733 
70.910650 58.001261 34.607966 97.818491 13.034498 15.701414 58.920249 44.323123 40.529521 64.833429 67.741777 50.037815 96.592704 83.432693 70.176031 81.338069 67.894435 85.976531 44.220534 73.373558 
24.709442 55.614368 66.997875 96.210115 2.969477 92.009526 2.880219 73.962596 75.461130 36.738811 70.340828 83.036198 67.572560 34.557281 47.051573 20.969918 16.365081 50.191930 57.298639 28.680970 
57.033479 43.290769 41.982371 33.602975 64.654069 29.780885 79.778045 96.554280 46.243677 19.325399 1.526260 48.921245 0.071656 77.623153 26.857861 80.997439 92.642865 58.200400 78.715538 27.297191 
84.265796 85.891770 2.829402 0.904885 14.658156 42.309839 28.695060 1.823368 41.646727 25.833063 8.640618 81.783037 60.974278 16.633880 27.085723 80.600419 5.620301 69.360278 70.341656 88.300009 
66.998717 28.192186 91.891770 92.272552 52.825757 22.564325 43.693554 85.020650 54.675949 32.284674 63.519634 57.699216 42.361072 95.516645 70.741052 34.194840 97.025693 4.166671 74.602354 78.929492 
59.647878 22.432038 34.702721 95.731891 58.085368 37.822812 45.977664 27.577978 13.031526 77.084205 11.439605 84.125935 84.030172 9.819233 79.841310 29.640338 38.940880 8.944153 68.202122 72.997543 
96.723716 35.076215 75.610322 94.854722 29.799028 77.314710 78.319060 57.847997 35.597622 79.799836 14.145647 5.576591 75.516779 75.381120 4.395731 12.197592 92.528623 74.421931 9.169883 88.153378 
56.786838 89.787655 98.506561 23.314597 72.480207 94.072657 82.778955 88.445933 79.918176 78.099977 98.642186 45.859975 48.535260 18.056632 17.032097 31.124344 40.878250 45.978931 45.981333 53.057909 
91.915657 6.462726 25.461095 11.699916 95.847932 61.195510 70.946538 71.391714 76.562155 66.932874 99.228557 20.088455 20.777135 78.107191 22.502929 34.605625 26.709851 9.552355 20.477163 24.583113 
81.950671 28.954330 4.708957 10.300245 82.361486 59.713764 45.154543 17.690637 13.440873 1.155109 82.298724 45.277760 44.044582 53.821179 3.571229 40.626582 86.755903 66.413460 13.611449 47.669298 
85.516294 88.108877 38.986503 51.134957 66.438594 89.572711 35.180958 57.726676 78.303943 93.910776 7.777356 81.940136 3.898264 20.956286 33.821576 30.303349 28.985919 45.872374 19.959826 56.663221 
89.679983 66.155490 99.808078 90.793339 13.689032 20.157004 87.115271 76.175887 85.749090 79.350017 7.479191 96.947115 21.469424 55.079053 14.621064 34.943218 9.613207 8.187549 62.500132 16.444651 
43.224933 29.188062 60.751241 1.430657 89.088616 46.297857 53.315193 93.748846 86.606979 55.402242 33.528528 99.611038 24.695081 10.736228 58.120322 2.318119 49.491963 6.675802 88.979499 87.847967 
46.630604 18.229915 44.020001 99.736447 41.561269 5.543282 26.618890 83.309901 41.439712 78.469543 1.096383 40.308959 19.017327 0.318879 90.745287 33.734085 39.162541 78.073022 82.012811 13.078834 
54.286623 49.959473 99.569669 90.472836 84.877802 50.596582 8.776567 57.053967 59.726890 23.982403 84.453862 90.194286 45.052253 4.781550 58.995576 34.119674 54.260046 35.342399 35.509434 96.211221 
16.511800 23.685251 29.153342 58.793035 78.686340 56.891093 36.511621 64.728315 51.022131 52.427348 26.292718 69.402199 5.742639 5.832526 70.141177 47.729554 28.054794 19.682905 52.835777 62.792922 
53.922605 46.301754 78.287894 35.559181 19.910229 16.179642 36.345341 72.987134 84.119632 52.555463 2.567563 14.616500 10.117632 95.025079 41.470189 74.827014 53.470831 35.890011 5.384728 4.153774 
28.309025 83.323576 22.986074 44.976142 83.432625 45.128470 79.034924 57.403606 44.074788 4.813104 34.948711 83.065326 55.359558 84.225608 2.108560 48.771806 76.578327 58.422390 54.632129 71.632328 
85.793993 64.901982 62.482827 22.550083 88.566562 81.319396 90.126793 39.943994 48.093015 28.684125 9.970982 34.833297 42.656371 56.230754 92.279289 94.389132 41.544599 89.784926 95.465160 58.480327 
7.712241 99.191582 62.854323 45.363725 46.537518 96.830911 12.395170 89.903938 29.412763 69.889149 12.001994 63.384828 50.009953 25.006403 2.492389 93.689620 32.064632 51.068897 82.770722 55.271405 
84.762744 43.093925 19.555338 44.688020 7.554876 45.584047 93.415609 8.742916 0.661360 86.021267 21.127376 78.129319 42.636394 12.326330 21.536794 70.019399 79.291975 7.908867 60.839175 46.157227 
74.855148 89.951632 72.221504 40.665734 1.671735 97.237816 71.143450 88.915892 13.145686 86.825583 3.723462 26.590067 93.448190 0.206261 27.395646 3.079471 10.961609 65.448895 54.310192 96.680456 
54.913347 9.539637 7.607254 46.853766 27.399442 89.433178 37.656430 29.501917 26.992173 10.443903 64.836700 81.784059 30.277043 17.867090 64.637648 23.471440 2.204406 67.771137 45.706886 9.566269 
90.642975 57.756366 16.244773 32.867487 68.266532 50.439894 95.923685 5.019679 56.814139 88.956678 23.792623 7.063976 64.759364 63.391521 8.748399 11.791985 75.903765 74.496005 75.077590 26.090306 
41.612792 68.061328 66.095341 52.800115 73.988078 48.688562 60.520281 53.734701 13.954980 97.174416 84.756531 32.532680 20.656330 51.358060 60.678579 66.791080 78.902769 82.563175 92.857765 62.493599 
69.198718 43.210652 25.049873 82.585166 44.285225 89.395539 10.041999 26.930215 94.511581 34.646956 23.969056 68.456574 2.525098 38.956729 23.472704 53.748412 9.120872 63.067845 45.471169 14.203577 
14.757465 61.798373 25.068875 34.857227 50.701048 9.200516 58.466515 88.979514 89.536179 84.118103 66.729199 25.518585 30.362656 51.418306 43.620587 72.153894 64.718904 72.912952 22.585711 76.397218 
14.687663 86.245608 15.089257 60.610910 41.316861 65.813861 73.276190 77.644233 14.231367 61.955171 75.713527 9.644895 56.235232 3.548813 54.123646 27.301428 47.976243 6.353557 32.212859 92.166580 
59.617078 13.651401 45.623877 18.465733 30.038040 39.821075 0.936716 23.874206 99.201050 89.095242 50.984062 29.835448 83.708297 84.517466 30.357071 24.515997 62.008727 14.727547 39.043383 73.962447 
17.657788 43.695245 41.021109 25.015532 91.913529 67.957780 77.179029 52.385785 66.422325 40.312636 18.280494 22.091439 38.414899 83.132098 12.604261 50.793799 59.450975 19.121169 9.318793 26.185077 
38.841612 12.936523 31.804095 80.656285 46.203027 83.575318 49.561003 42.126683 82.780930 1.585043 6.317798 98.204738 17.357733 31.343534 61.381922 68.022215 55.834575 47.058914 24.162261 7.867552 
93.749619 41.178376 24.479046 67.752610 39.579811 57.286277 13.367085 2.962453 52.389462 81.887623 19.410075 25.207069 14.263446 77.358672 1.623913 43.444878 37.196810 92.407403 28.675245 5.614369 
29.101678 0.336249 81.255982 2.144032 67.842261 22.045144 42.384473 71.230717 54.954012 79.691520 73.893765 25.796619 45.747363 19.522503 37.419090 98.310594 37.030758 41.937367 11.061766 29.345765 
98.268436 27.116508 14.855939 71.278373 2.436277 44.534908 13.970097 52.678928 55.038181 60.619383 97.455382 7.412718 64.132966 28.495796 54.666602 3.229350 87.962201 85.959671 37.026057 34.293066 
31.804542 12.016371 59.250419 30.223695 28.548478 48.570120 87.483515 98.418200 61.309753 60.286977 27.054843 4.189964 27.120359 43.564622 10.525798 73.402772 16.305594 59.769407 44.823015 83.597535 
82.065525 84.926595 62.947102 51.668557 43.536067 22.546624 8.141240 93.625025 96.021713 30.961363 63.243251 21.179848 42.683928 3.271403 88.363900 38.206296 92.624669 15.463362 50.734723 17.484484 
15.230666 67.728572 39.366690 26.484896 74.549615 96.015846 52.239481 10.832785 19.022582 66.219546 83.210214 1.481727 98.887087 3.160553 32.851099 47.140352 38.842002 82.083903 69.208414 99.019528 
96.079576 51.354015 60.058895 61.222020 11.966603 6.510635 47.300896 26.775213 95.511358 98.092305 22.842126 52.788150 25.751134 92.242502 28.154026 22.961794 9.583232 21.395473 28.425858 12.841120 
87.537536 88.466998 90.619066 98.420892 35.191473 35.371797 69.209990 61.221214 40.948490 40.250367 2.705618 32.415283 4.419779 33.784830 35.018083 42.741672 99.713209 7.425251 69.533378 28.912480 
95.591000 5.450889 24.699875 18.479680 72.247209 16.456731 92.715782 38.848381 17.189181 96.325832 22.151140 23.157128 64.215916 68.086743 62.423361 62.112991 96.323650 23.799389 92.872308 60.879731 
73.137451 6.477172 34.998306 2.404342 32.498815 21.225944 86.255335 31.756836 38.672775 63.110206 27.487204 30.107753 56.888652 13.115572 15.856764 72.646750 94.755777 62.210336 91.187514 74.579822 
10.733263 99.475051 4.408559 77.303901 6.949809 97.008216 2.888993 77.965654 18.093647 74.008249 35.478564 67.722135 9.504476 97.185310 47.894655 14.309385 4.984654 59.517366 27.133510 5.865283 
79.286958 89.755244 55.574387 74.250941 99.132329 1.455201 54.555385 30.620182 75.503274 42.151578 94.160723 50.278886 62.751474 1.895096 66.980507 31.191285 43.293043 53.002431 59.298822 18.098031 
54.049159 17.336624 27.917217 72.615913 56.954864 18.525988 11.170722 34.908714 30.699815 73.911400 73.709739 29.358003 94.710820 55.632220 2.403520 66.058641 70.006875 73.791328 46.783940 61.619334 
31.882975 44.196076 58.171975 45.462804 55.284072 83.285808 57.278036 96.817439 80.211287 14.425387 29.610318 10.242609 64.617849 6.103153 24.932364 41.338961 0.712994 80.183226 89.194695 45.898009 
44.736305 4.631567 95.325877 84.007894 93.287343 65.000895 66.943711 37.089308 1.562349 70.138490 0.266302 20.276161 44.767700 30.359632 42.403093 2.049820 9.292450 3.368755 44.929238 54.861988 
34.545728 26.419395 77.557109 13.648375 80.659075 11.088247 66.643191 71.824340 90.133135 30.547293 87.871665 70.426218 34.409764 50.470154 12.571980 45.978107 45.536951 90.647057 52.701603 98.103825 
41.867065 67.875246 29.059630 93.398653 72.117101 22.884096 12.979774 97.347124 35.736422 1.133056 99.424300 41.004973 93.755048 72.072004 21.326559 32.658893 44.832587 84.821068 79.805910 74.964988 
95.134856 77.235806 99.230692 82.868046 45.866898 60.030255 40.164778 49.580541 66.479930 3.914270 51.580368 80.317936 77.207513 60.053437 69.053610 2.542382 77.008223 81.098340 52.528380 30.837341 
44.273813 92.234474 42.572461 61.826316 99.824619 43.877804 36.369057 96.968288 14.744327 72.206279 97.123927 86.526743 47.288223 11.067137 97.687364 81.169819 20.236946 17.744445 27.508997 69.818187 
55.068251 11.409312 17.823147 55.925840 15.554370 69.574560 5.454133 35.102490 88.167160 66.004501 69.787806 95.188323 25.303902 54.621178 13.870379 64.646250 73.459766 51.090403 97.993072 48.529896 
43.069258 64.919478 23.244566 67.491123 50.850381 45.282471 31.488370 62.609931 27.162570 18.174363 62.900115 75.868779 2.041386 57.061549 38.099730 69.068802 97.148080 75.020941 48.454669 2.401742 
33.494426 36.510983 4.299342 83.655431 60.595386 72.516920 54.731058 61.943024 67.767823 8.260049 86.201659 46.874979 77.755440 24.736565 32.027318 84.583160 51.972337 25.346269 18.487960 69.992230 
80.168761 25.751206 95.295736 27.294374 82.034155 97.809636 14.116424 12.793633 25.673993 13.333028 54.433486 27.245362 79.516588 60.083244 29.443956 64.124039 3.086752 45.975431 63.929822 9.086787 
68.455998 44.510237 85.279397 59.962892 43.773358 22.512658 97.893195 76.392633 81.829858 44.500978 25.725942 86.075650 9.566508 59.260320 7.096923 64.734648 69.220794 54.183567 95.016149 94.607383 
96.917856 66.440860 30.906126 56.498622 1.188231 2.127121 69.297059 18.694979 31.629124 78.299536 26.666149 36.952534 32.914745 1.678110 53.861185 1.399553 66.824170 92.063949 12.984130 25.649957 
58.893357 48.354158 47.161637 78.700073 40.661886 29.451280 1.006172 82.651058 71.039419 76.290896 1.091687 82.752765 66.484340 77.310531 58.383942 91.472999 3.539163 98.998255 51.132074 14.625394 
27.913652 71.922708 86.996744 29.025927 1.327011 90.810721 99.104327 1.838502 27.197749 66.987466 56.348854 85.459498 46.528181 62.974544 98.944794 41.323960 11.075649 45.072012 54.110335 16.848140 
44.398424 33.289483 43.825190 40.258669 47.756803 88.704536 30.567199 26.673817 60.478359 42.950219 59.618015 66.374379 5.543811 76.541376 58.253968 35.543279 67.507174 53.964542 42.957740 81.161715 
37.466828 4.857399 75.450469 5.747783 75.994014 65.355421 55.255059 81.808791 68.110736 34.380044 47.137070 2.237498 73.971749 4.071105 74.134891 96.498621 92.146265 94.261971 69.316198 59.086081 
36.037151 80.180218 83.292190 4.837645 68.179861 71.291008 61.704227 48.123699 15.831531 64.471389 93.264197 10.916632 95.672432 41.903816 83.876205 50.879478 23.081846 38.497346 62.024608 79.851314 
42.391835 61.517662 93.266041 39.247412 76.421370 14.948698 55.431201 55.133432 6.797160 97.797270 83.126832 3.635685 71.854520 51.874211 40.975694 61.417511 11.901227 51.342747 85.938818 22.291607 
83.686035 76.936139 33.201504 54.091189 56.076404 19.858160 81.764050 40.959710 62.965726 68.963224 41.378549 77.607188 71.497126 37.500106 54.338448 9.269656 38.794655 26.733154 96.165218 36.689072 
53.643570 67.311992 71.434233 24.052862 45.821506 26.937304 20.471625 4.867927 77.237738 2.842058 41.166501 50.795577 6.928169 37.363321 2.932544 17.985635 15.514423 23.486818 8.761318 8.371705 
58.249898 3.732278 96.996605 60.944038 59.901962 59.544140 31.921458 57.383497 17.732733 62.901102 30.785405 14.421688 92.491393 71.272126 12.651856 64.897167 26.967464 98.817147 34.576546 84.759539 
94.928850 0.611793 3.259530 28.361824 4.884319 84.655906 30.306634 82.332530 75.947562 79.671011 54.664366 18.153968 94.557399 92.703187 85.652599 1.170531 51.854940 53.128785 10.898583 71.656641 
54.612793 70.702607 48.349458 54.262294 5.841449 69.091833 18.466916 89.738456 68.213255 56.032955 81.443986 11.783691 61.726864 67.789975 44.477296 38.089972 6.092029 16.185738 34.719263 73.013329 
73.003290 87.535282 78.805805 59.128744 74.510883 26.075900 74.298955 33.053971 97.600159 2.899149 42.652169 47.903991 35.444262 97.618013 65.371964 20.808678 81.090976 53.083134 36.994605 11.878973 
68.402633 92.266594 28.996703 79.974621 49.332829 54.617281 41.028175 52.195053 54.715704 57.702245 93.989628 96.816776 67.984136 94.950691 72.719612 40.335858 36.139386 36.075963 77.345103 51.208880 
79.438203 94.469763 31.600872 76.454674 17.289788 93.049434 35.204025 79.049409 95.011746 14.270957 36.656953 79.956982 53.500226 48.360454 41.099313 53.368679 46.842648 78.942240 9.894485 14.777321 
31.487281 25.521360 54.522362 33.280355 80.195452 3.275063 86.159268 26.613445 61.894954 18.972585 69.656442 50.190312 38.856333 29.754845 79.057279 72.234674 14.172755 31.381822 83.690922 67.202883 
47.946273 88.985793 61.847008 33.568993 98.730390 37.632592 77.884849 25.957584 63.793199 81.380468 12.890593 72.159482 88.858246 26.144845 29.833643 58.883737 36.688683 37.152215 39.155390 71.924939 
74.124101 53.255654 64.789464 57.198833 2.281846 58.931596 0.427800 39.576485 43.419285 67.290536 45.887846 55.489711 31.688356 74.171804 33.404309 8.959147 30.134369 58.629299 86.318848 33.773909 
59.647826 65.836159 15.591181 33.562461 96.171328 12.067280 87.357694 44.738938 43.782552 88.620135 45.021880 3.419424 30.018206 93.910915 35.831770 34.091804 68.647417 89.704360 5.161515 56.589081 
40.052012 76.917963 22.343871 69.809937 16.995575 90.154199 67.721294 19.826633 38.855613 61.145453 95.618183 42.464137 64.991577 27.863363 54.080968 22.605185 15.845112 28.175705 22.175401 45.970168 
71.108541 44.951366 53.323471 4.701482 41.636660 41.188374 67.254137 47.382334 94.672806 53.870441 42.994175 13.646544 16.193555 51.636417 78.000502 91.292324 21.730852 88.002845 11.092505 57.711017 
60.656056 24.484626 18.660774 69.765904 80.496237 37.891370 66.095451 91.573199 60.231722 46.190170 11.506381 86.494821 63.810348 55.462747 74.275926 84.073776 68.817093 7.898317 4.472593 72.087519 